freq ks1 ks2
   1.0000000000000000e-02   1.0906997750508481e+05   1.0776800988124496e+03
   1.0387805704186594e-02   1.0906509309320488e+05   1.0776707112466481e+03
   1.3874102333857483e-02   1.0901288175601831e+05   1.0775702979382638e+03
   1.8530450130846227e-02   1.0891993558615231e+05   1.0773912437037859e+03
   2.4749535053797445e-02   1.0875473955013076e+05   1.0770720563393691e+03
   3.3055834102999011e-02   1.0846196798123421e+05   1.0765033721356847e+03
   4.4149846284782412e-02   1.0794570482178689e+05   1.0754911469829538e+03
   5.8967168122164355e-02   1.0704333790019673e+05   1.0736925359115346e+03
   7.8757395754423989e-02   1.0548994899612557e+05   1.0705063217927670e+03
   1.0000000000000001e-01   1.0343744615521999e+05   1.0661142111742417e+03
   1.0518950771331864e-01   1.0288366090923436e+05   1.0648922402806270e+03
   1.4049261567093890e-01   9.8689079186911578e+04   1.0550928956527059e+03
   1.8764395315791549e-01   9.2352285818952078e+04   1.0382636291105807e+03
   2.5061995599255710e-01   8.3580551687478102e+04   1.0101408173149322e+03
   3.3473160890429537e-01   7.2653419607101052e+04   9.6517975490546178e+02
   4.4707233929522228e-01   6.0416407886921348e+04   8.9797323983392209e+02
   5.9711623057399743e-01   4.7867278705570578e+04   8.0645871715179771e+02
   7.9751700446726637e-01   3.5839293516772341e+04   6.9532656166793515e+02
   1.0000000000000000e+00   2.7302886463579282e+04   6.0193843160391259e+02
   1.0651751532579077e+00   2.5116265359928693e+04   5.7583887624723172e+02
   1.4226632169127336e+00   1.6455848459632878e+04   4.6088793417136645e+02
   1.9001294036628997e+00   1.0195485258420129e+04   3.5963789985640955e+02
   2.5378400929626332e+00   6.0776012758372781e+03   2.7583640387539577e+02
   3.3895756389185410e+00   3.5407120901711551e+03   2.0921197269122635e+02
   4.5271658540699082e+00   2.0397015114864776e+03   1.5753387385881265e+02
   6.0465476665968900e+00   1.1722453196074666e+03   1.1805481369160799e+02
   8.0758558141977996e+00   6.7755217321453847e+02   8.8226731531694483e+01
   1.0000000000000000e+01   4.5600550465097353e+02   7.1141380403266169e+01
   1.0786228890910097e+01   3.9740419620747548e+02   6.5940226586044773e+01
   1.4406242058280293e+01   2.3908224945915748e+02   4.9512549864249678e+01
   1.9241183581470658e+01   1.4927982871961311e+02   3.7591181794830021e+01
   2.5698800847446705e+01   9.7787554275236559e+01   2.9089383136478965e+01
   3.4323687116250142e+01   6.7820997910903245e+01   2.3162129240297897e+01
   4.5843208959350576e+01   5.0413035675981938e+01   1.9145948946069264e+01
   6.1228847605236012e+01   4.1180038085934953e+01   1.6440089297575025e+01
   8.1778127320655983e+01   3.8279668820764726e+01   1.4567393750832286e+01
   1.0000000000000000e+02   3.9535170346378294e+01   1.3775599864895202e+01
   1.0922404013204938e+02   4.0878410462086947e+01   1.3616894440491008e+01
   1.4588119505341393e+02   4.8724394374220587e+01   1.4174844043757002e+01
   1.9484101709187391e+02   6.2807991451482494e+01   1.6533808767374829e+01
   2.6023245784006599e+02   8.5814111070611204e+01   2.0125814160876690e+01
   3.4757020428377814e+02   1.1836605234300291e+02   2.3371980884057560e+01
   4.6421975148123732e+02   1.4425262840297424e+02   2.4393010062963079e+01
   6.2001856030603381e+02   1.4558121207913615e+02   2.2511449724569999e+01
   8.2810568464040125e+02   1.3655013648019269e+02   1.8713191051604287e+01
   1.0000000000000000e+03   1.3123736760009376e+02   1.5934534157519948e+01
   1.1060298333573514e+03   1.2892444528737175e+02   1.4488775376451484e+01
   1.4772293138015357e+03   1.2411125916179432e+02   1.0755395263398169e+01
   1.9730086655352395e+03   1.2143970193599495e+02   7.7902208859797257e+00
   2.6351786807286062e+03   1.2052306061704226e+02   5.5630527336939473e+00
   3.5195824532695206e+03   1.2114020084653606e+02   3.9521015150648138e+00
   4.7008048205435880e+03   1.2282707837718650e+02   2.8176169766054402e+00
   6.2784623614424254e+03   1.2490318236350745e+02   2.0276383237826221e+00
   8.3856044079470466e+03   1.2682523292282478e+02   1.4746645697085121e+00
   1.0000000000000000e+04   1.2782220031596020e+02   1.2202486715453995e+00
   1.1199933556729329e+04   1.2839737019847206e+02   1.0816771593063454e+00
   1.4958791945428906e+04   1.2971279002436390e+02   7.9781221474460817e-01
   1.9979177138259249e+04   1.3102318261529922e+02   5.9070217652417312e-01
   2.6684475629993460e+04   1.3267665388825850e+02   4.4045851364566357e-01
   3.5640168497437859e+04   1.3512666596025059e+02   3.3639583874965773e-01
   4.7601520379812981e+04   1.3895443484172296e+02   2.7483993309191196e-01
