freq resp1 resp2
   1.0000463558929031e+00   1.7395290193481696e+01   1.7395763104586413e+02
   1.0168024043958621e+00   1.6826685503783015e+01   1.6827158415036871e+02
   1.0338392050457383e+00   1.6276666656450622e+01   1.6277139567858671e+02
   1.0511614619210612e+00   1.5744626140602403e+01   1.5745099052169851e+02
   1.0687739579184734e+00   1.5229976302915814e+01   1.5230449214648047e+02
   1.0866815560733527e+00   1.4732148698548617e+01   1.4732621610451187e+02
   1.1048892009025553e+00   1.4250593463276070e+01   1.4251066375354756e+02
   1.1234019197696612e+00   1.3784778706150782e+01   1.3785251618411527e+02
   1.1422248242730939e+00   1.3334189922014623e+01   1.3334662834463575e+02
   1.1613631116574974e+00   1.2898329423213642e+01   1.2898802335857161e+02
   1.1808220662487627e+00   1.2476715789888480e+01   1.2477188702733150e+02
   1.2006070609130977e+00   1.2068883338232885e+01   1.2069356251285497e+02
   1.2207235585405434e+00   1.1674381606133238e+01   1.1674854519400820e+02
   1.2411771135533480e+00   1.1292774855620817e+01   1.1293247769110639e+02
   1.2619733734396146e+00   1.0923641591587248e+01   1.0924114505306804e+02
   1.2831180803126445e+00   1.0566574096231612e+01   1.0567047010188676e+02
   1.3046170724964081e+00   1.0221177978724977e+01   1.0221650892927578e+02
   1.3264762861375794e+00   9.8870717395949708e+00   9.8875446540513963e+01
   1.3487017568445860e+00   9.5638863493490547e+00   9.5643592640678889e+01
   1.3712996213541133e+00   9.2512648408714480e+00   9.2517377558615607e+01
   1.3942761192255377e+00   8.9488619151431337e+00   8.9493348304136859e+01
   1.4176375945637498e+00   8.6563435598496170e+00   8.6568164754100806e+01
   1.4413904977708407e+00   8.3733866804551909e+00   8.3738595963153784e+01
   1.4655413873271437e+00   8.0996787433361792e+00   8.1001516595062100e+01
   1.4900969316021107e+00   7.8349174305789644e+00   7.8353903470693112e+01
   1.5150639106955375e+00   7.5788103060616150e+00   7.5792832228830989e+01
   1.5404492183096339e+00   7.3310744924501341e+00   7.3315474096139440e+01
   1.5662598636524643e+00   7.0914363587527189e+00   7.0919092762704267e+01
   1.5925029733732796e+00   6.8596312180868226e+00   6.8601041359703871e+01
   1.6191857935302749e+00   6.6354030353252780e+00   6.6358759535870547e+01
   1.6463156915913222e+00   6.4185041442984119e+00   6.4189770629511941e+01
   1.6739001584682163e+00   6.2086949742400801e+00   6.2091678932970744e+01
   1.7019468105850195e+00   6.0057437851750963e+00   6.0062167046499596e+01
   1.7304633919810450e+00   5.8094264119561547e+00   5.8098993318630114e+01
   1.7594577764490931e+00   5.6195260166672414e+00   5.6199989370206943e+01
   1.7889379697095018e+00   5.4358328491202252e+00   5.4363057699353575e+01
   1.8189121116206268e+00   5.2581440151800507e+00   5.2586169364724704e+01
   1.8493884784263668e+00   5.0862632526625742e+00   5.0867361744484107e+01
   1.8803754850413323e+00   4.9200007145576565e+00   4.9204736368535798e+01
   1.9118816873743185e+00   4.7591727593378792e+00   4.7596456821611305e+01
   1.9439157846906983e+00   4.6036017481214833e+00   4.6040746714898788e+01
   1.9764866220143964e+00   4.4531158484653623e+00   4.4535887723973318e+01
   2.0096031925701219e+00   4.3075488445714072e+00   4.3080217690859890e+01
   2.0432746402665050e+00   4.1667399536966130e+00   4.1672128788134962e+01
   2.0775102622208514e+00   4.0305336485641234e+00   4.0310065743036652e+01
   2.1123195113261963e+00   3.8987794855791118e+00   3.8992524119623532e+01
   2.1477119988613631e+00   3.7713319386597020e+00   3.7718048657083969e+01
   2.1836974971447676e+00   3.6480502384994136e+00   3.6485231662360505e+01
   2.2202859422326733e+00   3.5287982170836303e+00   3.5292711455314574e+01
   2.2574874366626698e+00   3.4134441572882772e+00   3.4139170864713272e+01
   2.2953122522431113e+00   3.3018606473946486e+00   3.3023335773377710e+01
   2.3337708328892872e+00   3.1939244403597051e+00   3.1943973710885853e+01
   2.3728737975071321e+00   3.0895163176862996e+00   3.0899892492274915e+01
   2.4126319429252310e+00   2.9885209577431087e+00   2.9889938901240651e+01
   2.4530562468759705e+00   2.8908268083887152e+00   2.8912997416378143e+01
   2.4941578710266232e+00   2.7963259637592293e+00   2.7967988979058120e+01
   2.5359481640612356e+00   2.7049140450832834e+00   2.7053869801576802e+01
   2.5784386648141329e+00   2.6164900853928534e+00   2.6169630214264188e+01
   2.6216411054559514e+00   2.5309564180024395e+00   2.5314293550275899e+01
   2.6655674147330353e+00   2.4482185686335582e+00   2.4486915066838051e+01
   2.7102297212611104e+00   2.3681851510653233e+00   2.3686580901753107e+01
   2.7556403568741628e+00   2.2907677661958301e+00   2.2912407064013735e+01
   2.8018118600294017e+00   2.2158809044029595e+00   2.2163538457410855e+01
   2.8487569792693002e+00   2.1434418510966382e+00   2.1439147936056226e+01
   2.8964886767416251e+00   2.0733705953583135e+00   2.0738435390777273e+01
   2.9450201317784468e+00   2.0055897415667063e+00   2.0060626865374577e+01
   2.9943647445351340e+00   1.9400244239122160e+00   1.9404973701765982e+01
   3.0445361396902944e+00   1.8766022237055999e+00   1.8770751713073327e+01
   3.0955481702077332e+00   1.8152530893895322e+00   1.8157260383738151e+01
   3.1474149211614284e+00   1.7559092591647489e+00   1.7563822095783078e+01
   3.2001507136246001e+00   1.6985051861452793e+00   1.6989781380364221e+01
   3.2537701086239403e+00   1.6429774659601251e+00   1.6434504193787898e+01
   3.3082879111601056e+00   1.5892647667213788e+00   1.5897377217191934e+01
   3.3637191742955612e+00   1.5373077612814876e+00   1.5377807179118239e+01
   3.4200792033109231e+00   1.4870490617047902e+00   1.4875220200228267e+01
   3.4773835599309439e+00   1.4384331558809689e+00   1.4389061159437475e+01
   3.5356480666213064e+00   1.3914063462104027e+00   1.3918793080768946e+01
   3.5948888109574062e+00   1.3459166902937003e+00   1.3463896540248690e+01
   3.6551221500663380e+00   1.3019139435598917e+00   1.3023869092187642e+01
   3.7163647151433028e+00   1.2593495037699316e+00   1.2598224714216636e+01
   3.7786334160436987e+00   1.2181763573341919e+00   1.2186493270461424e+01
   3.8419454459521507e+00   1.1783490273846555e+00   1.1788219992264619e+01
   3.9063182861297618e+00   1.1398235235444840e+00   1.1402964975881376e+01
   3.9717697107409200e+00   1.1025572933394319e+00   1.1030302696593578e+01
   4.0383177917609636e+00   1.0665091751974789e+00   1.0669821538706183e+01
   4.1059809039660893e+00   1.0316393529847425e+00   1.0321123340906389e+01
   4.1747777300068680e+00   9.9790931202746680e-01   9.9838229564835359e+00
   4.2447272655667563e+00   9.6528179657151436e-01   9.6575478279240468e+00
   4.3158488246070545e+00   9.3372076863236098e-01   9.3419375754114213e+00
   4.3881620446997243e+00   9.0319136819015888e-01   9.0366435987769176e+00
   4.4616868924495874e+00   8.7365987468588779e-01   8.7413286924610549e+00
   4.5364436690073608e+00   8.4509366977607192e-01   8.4556666730608327e+00
   4.6124530156750563e+00   8.1746120130492961e-01   8.1793420190512762e+00
   4.6897359196053108e+00   7.9073194845415018e-01   7.9120495222832297e+00
   4.7683137195962084e+00   7.6487638803181679e-01   7.6534939508726305e+00
   4.8482081119831895e+00   7.3986596186323250e-01   7.4033897231087957e+00
   4.9294411566297009e+00   7.1567304524762898e-01   7.1614605920215597e+00
   5.0120352830181929e+00   6.9227091644593231e-01   6.9274393402589745e+00
   5.0960132964431937e+00   6.6963372716586966e-01   6.7010674849384095e+00
   5.1813983843081335e+00   6.4773647401182455e-01   6.4820949921451492e+00
   5.2682141225276888e+00   6.2655497086789580e-01   6.2702800007630550e+00
   5.3564844820374047e+00   6.0606582218367333e-01   6.0653885553323343e+00
   5.4462338354123574e+00   5.8624639713321325e-01   5.8671943476393720e+00
   5.5374869635967485e+00   5.6707480461866844e-01   5.6754784667530478e+00
   5.6302690627462297e+00   5.4852986909097290e-01   5.4900291572316817e+00
   5.7246057511848880e+00   5.3059110716086733e-01   5.3106415852333031e+00
   5.8205230764788016e+00   5.1323870497443247e-01   5.1371176122710693e+00
   5.9180475226280969e+00   4.9645349632814689e-01   4.9692655763638829e+00
   6.0172060173795066e+00   4.8021694149929312e-01   4.8069000803405091e+00
   6.1180259396614938e+00   4.6451110676831858e-01   4.6498417870632816e+00
   6.2205351271439051e+00   4.4931864461055748e-01   4.4979172213453413e+00
   6.3247618839243165e+00   4.3462277453541132e-01   4.3509585783425377e+00
   6.4307349883431426e+00   4.2040726455183958e-01   4.2088035382083921e+00
   6.5384837009297145e+00   4.0665641323968010e-01   4.0712950868073827e+00
   6.6480377724814916e+00   3.9335503240699876e-01   3.9382813422885037e+00
   6.7594274522786266e+00   3.8048843031431767e-01   3.8096153873276268e+00
   6.8726834964361903e+00   3.6804239544718526e-01   3.6851551068532853e+00
   6.9878371763963072e+00   3.5600318081917032e-01   3.5647630310766942e+00
   7.1049202875626216e+00   3.4435748878793732e-01   3.4483061836525906e+00
   7.2239651580794098e+00   3.3309245636763768e-01   3.3356559348032193e+00
   7.3450046577577890e+00   3.2219564102138915e-01   3.2266878592432304e+00
   7.4680722071515024e+00   3.1165500691815085e-01   3.1212815987485261e+00
   7.5932017867847437e+00   3.0145891163882194e-01   3.0193207292173336e+00
   7.7204279465346284e+00   2.9159609331686820e-01   2.9206926320765745e+00
   7.8497858151708568e+00   2.8205565819928219e-01   2.8252883698915703e+00
   7.9813111100552145e+00   2.7282706861413486e-01   2.7330025660416664e+00
   8.1150401470035938e+00   2.6390013133142809e-01   2.6437332883288627e+00
   8.2510098503132436e+00   2.5526498630439365e-01   2.5573819363909203e+00
   8.3892577629580529e+00   2.4691209577879994e-01   2.4738531327945568e+00
   8.5298220569546430e+00   2.3883223375824211e-01   2.3930546176884522e+00
   8.6727415439021538e+00   2.3101647581377582e-01   2.3148971468997255e+00
   8.8180556856986154e+00   2.2345618922664059e-01   2.2392943933612948e+00
   8.9658046054368796e+00   2.1614302345318709e-01   2.1661628517612814e+00
   9.1160290984831214e+00   2.0906890090147034e-01   2.0954217463090963e+00
   9.2687706437409751e+00   2.0222600800932905e-01   2.0269929415163621e+00
   9.4240714151043754e+00   1.9560678661409292e-01   1.9608008558941425e+00
   9.5819742931023164e+00   1.8920392560438307e-01   1.8967723784711037e+00
   9.7425228767387004e+00   1.8301035284479078e-01   1.8348367880404588e+00
   9.9057614955305908e+00   1.7701922736450931e-01   1.7749256750464544e+00
   1.0071735221748167e+01   1.7122393180129342e-01   1.7169728660241366e+00
   1.0240489882859748e+01   1.6561806509240187e-01   1.6609143505089563e+00
   1.0412072074185319e+01   1.6019543540444889e-01   1.6066882103354627e+00
   1.0586529171762148e+01   1.5495005329435244e-01   1.5542345512469802e+00
   1.0763909345425857e+01   1.4987612509383197e-01   1.5034954367407822e+00
   1.0944261572110760e+01   1.4496804651014170e-01   1.4544148240756283e+00
   1.1127635649373030e+01   1.4022039643597556e-01   1.4069385023710239e+00
   1.1314082209140427e+01   1.3562793096170550e-01   1.3610140327298206e+00
   1.1503652731692407e+01   1.3118557758333974e-01   1.3165906903180293e+00
   1.1696399559874523e+01   1.2688842959980190e-01   1.2736194083378407e+00
   1.1892375913550907e+01   1.2273174069334586e-01   1.2320527238320171e+00
   1.2091635904298995e+01   1.1871091968711661e-01   1.1918447252597533e+00
   1.2294234550350417e+01   1.1482152547406931e-01   1.1529510017861269e+00
   1.2500227791782201e+01   1.1105926211164517e-01   1.1153285942291240e+00
   1.2709672505962606e+01   1.0741997407678348e-01   1.0789359476100384e+00
   1.2922626523255621e+01   1.0389964167603326e-01   1.0437328652548761e+00
   1.3139148642988722e+01   1.0049437660569022e-01   1.0096804643960242e+00
   1.3359298649688101e+01   9.7200417657058488e-02   9.7674113322517564e-01
   1.3583137329585917e+01   9.4014126562092182e-02   9.4487848935006558e-01
   1.3810726487404191e+01   9.0931983974827491e-02   9.1405733960912239e-01
   1.4042128963419838e+01   8.7950585584168392e-02   8.8424364119966903e-01
   1.4277408650815715e+01   8.5066638353730462e-02   8.5540446407671511e-01
   1.4516630513322319e+01   8.2276956884591454e-02   8.2750795458083026e-01
   1.4759860603155085e+01   7.9578459896929910e-02   8.0052330025491436e-01
   1.5007166079252308e+01   7.6968166826666032e-02   7.7442069581099637e-01
   1.5258615225818509e+01   7.4443194533346330e-02   7.4917131020949335e-01
   1.5514277471178657e+01   7.2000754115634238e-02   7.2474725481453850e-01
   1.5774223406948130e+01   6.9638147830891714e-02   7.0112155259023579e-01
   1.6038524807524041e+01   6.7352766115446577e-02   6.7826810830378947e-01
   1.6307254649903030e+01   6.5142084702257047e-02   6.5616167970261940e-01
   1.6580487133831149e+01   6.3003661832787730e-02   6.3477784963361006e-01
   1.6858297702291367e+01   6.0935135560019144e-02   6.1409299907371173e-01
   1.7140763062334301e+01   5.8934221139610908e-02   5.9408428104209565e-01
   1.7427961206258104e+01   5.6998708506336683e-02   5.7472959536504986e-01
   1.7719971433143062e+01   5.5126459833004848e-02   5.5600756426574671e-01
   1.8016874370747075e+01   5.3315407169168140e-02   5.3789750875192555e-01
   1.8318751997768086e+01   5.1563550157012701e-02   5.2037942577538898e-01
   1.8625687666479376e+01   4.9868953821906148e-02   5.0343396613811164e-01
   1.8937766125744233e+01   4.8229746435162542e-02   4.8704241312053864e-01
   1.9255073544416177e+01   4.6644117446663587e-02   4.7118666180847901e-01
   1.9577697535131293e+01   4.5110315485054044e-02   4.5584919909575622e-01
   1.9905727178499216e+01   4.3626646423300310e-02   4.4101308434052211e-01
   2.0239253047699346e+01   4.2191471507478012e-02   4.2666193065388802e-01
   2.0578367233489374e+01   4.0803205546719033e-02   4.1277988680017796e-01
   2.0923163369632686e+01   3.9460315162321333e-02   3.9935161968883715e-01
   2.1273736658751741e+01   3.8161317094086204e-02   3.8636229743864903e-01
   2.1630183898614881e+01   3.6904776562011660e-02   3.7379757299554495e-01
   2.1992603508863358e+01   3.5689305681534389e-02   3.6164356828592975e-01
   2.2361095558186243e+01   3.4513561930568024e-02   3.4988685888800941e-01
   2.2735761791950701e+01   3.3376246666645244e-02   3.3851445920418954e-01
   2.3116705660295185e+01   3.2276103692525655e-02   3.2751380811817371e-01
   2.3504032346693347e+01   3.1211917868685397e-02   3.1687275512091351e-01
   2.3897848796996463e+01   3.0182513771155797e-02   3.0657954689009292e-01
   2.4298263748962711e+01   2.9186754393227675e-02   2.9662281430831228e-01
   2.4705387762280857e+01   2.8223539889589300e-02   2.8699155990565134e-01
   2.5119333249097391e+01   2.7291806361508322e-02   2.7767514571272117e-01
   2.5540214505054823e+01   2.6390524681718125e-02   2.6866328151080671e-01
   2.5968147740850252e+01   2.5518699357708965e-02   2.5994601346610841e-01
   2.6403251114322561e+01   2.4675367432169304e-02   2.5151371313554016e-01
   2.6845644763077349e+01   2.3859597419362163e-02   2.4335706683193206e-01
   2.7295450837658461e+01   2.3070488276262215e-02   2.3546706533689712e-01
   2.7752793535275313e+01   2.2307168407316589e-02   2.2783499394999804e-01
   2.8217799134095252e+01   2.1568794701730797e-02   2.2045242286322583e-01
   2.8690596028110754e+01   2.0854551602215103e-02   2.1331119785015193e-01
   2.9171314762590402e+01   2.0163650204164493e-02   2.0640343125948279e-01
   2.9660088070124353e+01   1.9495327384275306e-02   1.9972149330305555e-01
   3.0157050907273334e+01   1.8848844957637473e-02   1.9325800362866452e-01
   3.0662340491831937e+01   1.8223488862370272e-02   1.8700582316840320e-01
   3.1176096340716207e+01   1.7618568370901522e-02   1.8095804625352288e-01
   3.1698460308486020e+01   1.7033415327018638e-02   1.7510799298709800e-01
   3.2229576626512973e+01   1.6467383407848840e-02   1.6944920186607398e-01
   3.2769591942804524e+01   1.5919847409953180e-02   1.6397542264455034e-01
   3.3318655362495250e+01   1.5390202558746111e-02   1.5868060943041723e-01
   3.3876918489016923e+01   1.4877863840476757e-02   1.5355891400771876e-01
   3.4444535465957884e+01   1.4382265356035350e-02   1.4860467937737432e-01
   3.5021663019624292e+01   1.3902859695869343e-02   1.4381243350911713e-01
   3.5608460502314131e+01   1.3439117335319951e-02   1.3917688329775715e-01
   3.6205089936316462e+01   1.2990526049710282e-02   1.3469290871708997e-01
   3.6811716058647846e+01   1.2556590348539115e-02   1.3035555716499628e-01
   3.7428506366538251e+01   1.2136830928155205e-02   1.2616003799349057e-01
   3.8055631163679372e+01   1.1730784142307042e-02   1.2210171721767313e-01
   3.8693263607247438e+01   1.1338001489983665e-02   1.1817611239775140e-01
   3.9341579755714307e+01   1.0958049119979838e-02   1.1437888768846999e-01
   4.0000758617459361e+01   1.0590507351638601e-02   1.1070584905049204e-01
   4.0670982200196036e+01   1.0234970211241503e-02   1.0715293961843993e-01
   4.1352435561226478e+01   9.8910449835339365e-03   1.0371623522048308e-01
   4.2045306858538225e+01   9.5583517778899119e-03   1.0039194004452681e-01
   4.2749787402757022e+01   9.2365231086369744e-03   9.7176382446218609e-02
   4.3466071709970215e+01   8.9252034890769660e-03   9.4066010894143223e-02
   4.4194357555434905e+01   8.6240490387541561e-03   9.1057390047734429e-02
   4.4934846028186591e+01   8.3327271035360372e-03   8.8147196963569791e-02
   4.5687741586561998e+01   8.0509158880872518e-03   8.5332217425868606e-02
   4.6453252114653033e+01   7.7783041003295205e-03   8.2609342397137325e-02
   4.7231588979705975e+01   7.5145906074948546e-03   7.9975564585052727e-02
   4.8022967090482808e+01   7.2594841033911377e-03   7.7427975121791198e-02
   4.8827604956600190e+01   7.0127027865120681e-03   7.4963760352144221e-02
   4.9645724748862825e+01   6.7739740486350919e-03   7.2580198726877099e-02
   5.0477552360607689e+01   6.5430341735626604e-03   7.0274657797905968e-02
   5.1323317470075843e+01   6.3196280456731483e-03   6.8044591311981414e-02
   5.2183253603829876e+01   6.1035088679585259e-03   6.5887536399674637e-02
   5.3057598201233397e+01   5.8944378892364256e-03   6.3801110856570198e-02
   5.3946592680010916e+01   5.6921841402342464e-03   6.1783010513671965e-02
   5.4850482502906715e+01   5.4965241782522802e-03   5.9831006694123362e-02
   5.5769517245460023e+01   5.3072418401230032e-03   5.7942943753447662e-02
   5.6703950664916036e+01   5.1241280031918404e-03   5.6116736700599010e-02
   5.7654040770291594e+01   4.9469803540540943e-03   5.4350368897209733e-02
   5.8620049893614706e+01   4.7756031647908500e-03   5.2641889832505583e-02
   5.9602244762357898e+01   4.6098070764548681e-03   5.0989412971445339e-02
   6.0600896573084810e+01   4.4494088895654363e-03   4.9391113673723647e-02
   6.1616281066331396e+01   4.2942313613784158e-03   4.7845227181353867e-02
   6.2648678602741228e+01   4.1441030097054462e-03   4.6350046672628792e-02
   6.3698374240476475e+01   3.9988579230629210e-03   4.4903921380327963e-02
   6.4765657813926509e+01   3.8583355769382099e-03   4.3505254772114671e-02
   6.5850824013734552e+01   3.7223806559672358e-03   4.2152502791138233e-02
   6.6954172468165709e+01   3.5908428818235798e-03   4.0844172154922122e-02
   6.8076007825838090e+01   3.4635768466253700e-03   3.9578818710689023e-02
   6.9216639839840155e+01   3.3404418516719886e-03   3.8355045845336250e-02
   7.0376383453257688e+01   3.2213017513280312e-03   3.7171502948339666e-02
   7.1555558886133227e+01   3.1060248018773828e-03   3.6026883925925825e-02
   7.2754491723883461e+01   2.9944835151750693e-03   3.4919925764911201e-02
   7.3973513007196914e+01   2.8865545169296518e-03   3.3849407144668379e-02
   7.5212959323439080e+01   2.7821184094530761e-03   3.2814147095733805e-02
   7.6473172899588135e+01   2.6810596387196262e-03   3.1813003703631181e-02
   7.7754501696728298e+01   2.5832663655793236e-03   3.0844872856537271e-02
   7.9057299506126355e+01   2.4886303409751660e-03   2.9908687035473169e-02
   8.0381926046917897e+01   2.3970467850170343e-03   2.9003414145756759e-02
   8.1728747065430412e+01   2.3084142697684879e-03   2.8128056388505955e-02
   8.3098134436170625e+01   2.2226346056055963e-03   2.7281649171033689e-02
   8.4490466264503368e+01   2.1396127310098758e-03   2.6463260055029934e-02
   8.5906126991052062e+01   2.0592566056595895e-03   2.5671987741475014e-02
   8.7345507497846867e+01   1.9814771066862156e-03   2.4906961091284714e-02
   8.8809005216252842e+01   1.9061879279642807e-03   2.4167338180735940e-02
   9.0297024236705553e+01   1.8333054823046595e-03   2.3452305390778454e-02
   9.1809975420285639e+01   1.7627488064222265e-03   2.2761076529389260e-02
   9.3348276512162727e+01   1.6944394685496883e-03   2.2092891986182969e-02
   9.4912352256940423e+01   1.6283014785695730e-03   2.1447017918546678e-02
   9.6502634515933664e+01   1.5642612005362308e-03   2.0822745468626971e-02
   9.8119562386410777e+01   1.5022472674590022e-03   2.0219390010557170e-02
   9.9763582322834480e+01   1.4421904982162964e-03   1.9636290427374928e-02
   1.0143514826013326e+02   1.3840238164686057e-03   1.9072808417149510e-02
   1.0313472173903881e+02   1.3276821714356421e-03   1.8528327827906137e-02
   1.0486277203352293e+02   1.2731024603994832e-03   1.8002254021012382e-02
   1.0661977628037067e+02   1.2202234527911903e-03   1.7494013262771210e-02
   1.0840621961092349e+02   1.1689857157131148e-03   1.7003052144054755e-02
   1.1022259528503031e+02   1.1193315407425325e-03   1.6528837027907348e-02
   1.1206940482724306e+02   1.0712048718545017e-03   1.6070853525152258e-02
   1.1394715816529344e+02   1.0245512342925895e-03   1.5628605998152641e-02
   1.1585637377089139e+02   9.7931766420507023e-04   1.5201617093005588e-02
   1.1779757880288072e+02   9.3545263885145007e-04   1.4789427300593100e-02
   1.1977130925279567e+02   8.9290600716887992e-04   1.4391594547074595e-02
   1.2177811009285359e+02   8.5162892047062626e-04   1.4007693814589904e-02
   1.2381853542642988e+02   8.1157376302797013e-04   1.3637316793147397e-02
   1.2589314864105248e+02   7.7269408226332819e-04   1.3280071564910565e-02
   1.2800252256396064e+02   7.3494451825461356e-04   1.2935582322366808e-02
   1.3014723962026918e+02   6.9828073221908616e-04   1.2603489122175160e-02
   1.3232789199378487e+02   6.6265933360822385e-04   1.2283447676850754e-02
   1.3454508179051427e+02   6.2803780540334007e-04   1.1975129186864672e-02
   1.3679942120491438e+02   5.9437442715385281e-04   1.1678220216225606e-02
   1.3909153268892601e+02   5.6162819524676190e-04   1.1392422615184444e-02
   1.4142204912384244e+02   5.2975873983649271e-04   1.1117453494374803e-02
   1.4379161399505398e+02   4.9872623780068855e-04   1.0853045255498872e-02
   1.4620088156972417e+02   4.6849132102172182e-04   1.0598945684607151e-02
   1.4865051707744058e+02   4.3901497923217305e-04   1.0354918115142412e-02
   1.5114119689389344e+02   4.1025845661573132e-04   1.0120741669253676e-02
   1.5367360872763086e+02   3.8218314134480546e-04   9.8962115874895971e-03
   1.5624845180994578e+02   3.5475044730276869e-04   9.6811396589104454e-03
   1.5886643708794031e+02   3.2792168746002809e-04   9.4753547659919887e-03
   1.6152828742082932e+02   3.0165793889940483e-04   9.2787035615278894e-03
   1.6423473777952947e+02   2.7591990061989026e-04   9.0910512981963645e-03
   1.6698653544959609e+02   2.5066774761293683e-04   8.9122828356940405e-03
   1.6978444023755591e+02   2.2586098965634828e-04   8.7423038555621852e-03
   1.7262922468070116e+02   2.0145835390436860e-04   8.5810423202931640e-03
   1.7552167426039620e+02   1.7741773424788122e-04   8.4284502213516372e-03
   1.7846258761895947e+02   1.5369630770471694e-04   8.2845056708142541e-03
   1.8145277678017777e+02   1.3025106799461123e-04   8.1492154040096326e-03
   1.8449306737351787e+02   1.0704046736342283e-04   8.0226177765986336e-03
   1.8758429886209240e+02   8.4029379121509107e-05   7.9047863600084974e-03
   1.9072732477444680e+02   6.1206192546694717e-05   7.7958342654128512e-03
   1.9392301294022843e+02   3.8661924854536394e-05   7.6959193604250022e-03
   1.9717224572980783e+02   1.7292933158841577e-05   7.6052505869317914e-03
   2.0047592029790934e+02   1.2804916830263027e-05   7.5240956466220811e-03
   2.0383494883132951e+02   3.3292543479375936e-05   7.4527903977571752e-03
   2.0725025880080224e+02   5.6279569046629500e-05   7.3917504096527821e-03
   2.1072279321708598e+02   7.9968882652264230e-05   7.3414852602692610e-03
   2.1425351089134008e+02   1.0425015268579566e-04   7.3026163518034246e-03
   2.1784338669986607e+02   1.2919397655520212e-04   7.2758992805519737e-03
   2.2149341185328279e+02   1.5492807829189736e-04   7.2622521622018234e-03
   2.2520459417021246e+02   1.8161703011940368e-04   7.2627918297322423e-03
   2.2897795835555141e+02   2.0946111115187208e-04   7.2788805612007618e-03
   2.3281454628340671e+02   2.3870160838353874e-04   7.3121870723885651e-03
   2.3671541728476745e+02   2.6963016381503606e-04   7.3647671048385531e-03
   2.4068164844000279e+02   3.0260224250699719e-04   7.4391713452643627e-03
   2.4471433487625475e+02   3.3805587182667273e-04   7.5385921116115119e-03
   2.4881459006982024e+02   3.7653775164820253e-04   7.6670660564656526e-03
   2.5298354615359224e+02   4.1874012188685805e-04   7.8297595059238952e-03
   2.5722235422965917e+02   4.6555381188855314e-04   8.0333785568272691e-03
   2.6153218468713749e+02   5.1814633599068442e-04   8.2867725144124566e-03
   2.6591422752533180e+02   5.7807995891049528e-04   8.6018459941897881e-03
   2.7036969268230717e+02   6.4749578237005112e-04   8.9949809108976608e-03
   2.7489981036897194e+02   7.2941130586023732e-04   9.4893347993614523e-03
   2.7950583140875062e+02   8.2822233368031091e-04   1.0118717085533410e-02
   2.8418902758295553e+02   9.5059393311308399e-04   1.0934469150502833e-02
   2.8895069198193903e+02   1.1071439774953500e-03   1.2018462651439469e-02
   2.9379213936213597e+02   1.3158834141722357e-03   1.3509655383783263e-02
   2.9871470650908088e+02   1.6099956139010775e-03   1.5664123324921151e-02
   3.0371975260651300e+02   2.0580062548651592e-03   1.9010643209477887e-02
   3.0880865961166660e+02   2.8274488251354511e-03   2.4841463666893542e-02
   3.1398283263684277e+02   4.4595618868752572e-03   3.7327300715745179e-02
   3.1924370033738245e+02   9.9936199373108284e-03   7.9816133849402546e-02
   3.2459271530613466e+02   1.7549292618424840e-02   1.3393971250087824e-01
   3.3003135447453695e+02   5.8206538102327137e-03   4.2513143180365469e-02
   3.3556111952041329e+02   3.3548716751903734e-03   2.3481414140596471e-02
   3.4118353728260888e+02   2.3458140671071799e-03   1.5754802945660215e-02
   3.4690016018256841e+02   1.7988206488484663e-03   1.1607393548475932e-02
   3.5271256665298029e+02   1.4553678456368407e-03   9.0341794718752366e-03
   3.5862236157359996e+02   1.2192826120961764e-03   7.2898579668185075e-03
   3.6463117671438209e+02   1.0467096348212156e-03   6.0347591118258713e-03
   3.7074067118602790e+02   9.1481865689206285e-04   5.0921495856793286e-03
   3.7695253189809097e+02   8.1055927707266221e-04   4.3610616572205031e-03
   3.8326847402475136e+02   7.2593225088893863e-04   3.7796496098137997e-03
   3.8969024147840116e+02   6.5576146058475007e-04   3.3079287191386288e-03
   3.9621960739115610e+02   5.9654921392067657e-04   2.9189087999096394e-03
   4.0285837460444372e+02   5.4584657949241326e-04   2.5937178743626506e-03
   4.0960837616678947e+02   5.0188732943701826e-04   2.3187677412627224e-03
   4.1647147583994541e+02   4.6336516032699406e-04   2.0840292318861455e-03
   4.2344956861349669e+02   4.2929278092111717e-04   1.8819414591452583e-03
   4.3054458122809700e+02   3.9890979614207666e-04   1.7066989273453190e-03
   4.3775847270746033e+02   3.7162074820855042e-04   1.5537721600458454e-03
   4.4509323489927760e+02   3.4695238979743747e-04   1.4195772512014225e-03
   4.5255089302518689e+02   3.2452356346644430e-04   1.3012430423991015e-03
   4.6013350623996865e+02   3.0402354678054803e-04   1.1964438756072514e-03
   4.6784316820009803e+02   2.8519620596871635e-04   1.1032773588995639e-03
   4.7568200764183518e+02   2.6782821187209106e-04   1.0201736380472234e-03
   4.8365218896899455e+02   2.5174014569656644e-04   9.4582711194362516e-04
   4.9175591285056549e+02   2.3677969173844940e-04   8.7914439542397275e-04
   4.9999541682834246e+02   2.2281635728067486e-04   8.1920421936223261e-04
   5.0837297593474256e+02   2.0973732252201779e-04   7.6522622360550155e-04
   5.1689090332096896e+02   1.9744413396986248e-04   7.1654646277484197e-04
   5.2555155089570246e+02   1.8585003081880925e-04   6.7259804544950565e-04
   5.3435730997449082e+02   1.7487774662008714e-04   6.3289575136409417e-04
   5.4331061194002757e+02   1.6445766517726430e-04   5.9702377605536062e-04
   5.5241392891348039e+02   1.5452623467382564e-04   5.6462597588495978e-04
   5.6166977443708083e+02   1.4502456043062880e-04   5.3539815449034714e-04
   5.7108070416814382e+02   1.3589710607341335e-04   5.0908206288400757e-04
   5.8064931658471744e+02   1.2709043596068024e-04   4.8546089349045215e-04
   5.9037825370305370e+02   1.1855192826146408e-04   4.6435614491101626e-04
   6.0027020180710736e+02   1.1022837679420950e-04   4.4562583026927250e-04
   6.1032789219024994e+02   1.0206437786892612e-04   4.2916411048328127e-04
   6.2055410190941654e+02   9.4000360800274715e-05   4.1490257231852572e-04
   6.3095165455188351e+02   8.5970058389109322e-05   4.0281356679577906e-04
   6.4152342101490376e+02   7.7897110327604545e-05   3.9291632216767886e-04
   6.5227232029838956e+02   6.9690318910557174e-05   3.8528702864830861e-04
   6.6320132031089292e+02   6.1236778629631861e-05   3.8007491144555655e-04
   6.7431343868907913e+02   5.2391578287585271e-05   3.7752776161585611e-04
   6.8561174363093710e+02   4.2961843865394667e-05   3.7803309030092614e-04
   6.9709935474294491e+02   3.2681317274907092e-05   3.8218632984047754e-04
   7.0877944390143705e+02   2.1170502332275439e-05   3.9090836177627439e-04
   7.2065523612839706e+02   7.9228397424561367e-06   4.0565863146511933e-04
   7.3273001048192975e+02   8.6158784713778024e-06   4.2884758355330019e-04
   7.4500710096164642e+02   2.9072782045153715e-05   4.6470466353084548e-04
   7.5748989742923322e+02   5.7168042358169054e-05   5.2131956762937960e-04
   7.7018184654442484e+02   9.9526329621447821e-05   6.1624178858879974e-04
   7.8308645271668092e+02   1.7382875326565038e-04   7.9582887129893659e-04
   7.9620727907278945e+02   3.4674137454583415e-04   1.2348939509235156e-03
   8.0954794844070238e+02   1.2762712580517276e-03   3.6570872747249631e-03
   8.2311214434983287e+02   1.1167329686652663e-03   2.6372545177059054e-03
   8.3690361204813348e+02   4.4259066249154055e-04   8.7708637921692990e-04
   8.5092615953620407e+02   2.9102704018434762e-04   4.9079386599904212e-04
   8.6518365861872951e+02   2.2318058677350504e-04   3.2390770176580054e-04
   8.7968004597353183e+02   1.8411514251107154e-04   2.3208371787969469e-04
   8.9441932423854564e+02   1.5836313620844921e-04   1.7471493560958763e-04
   9.0940556311698595e+02   1.3987796894986688e-04   1.3594676119559317e-04
   9.2464290050105603e+02   1.2580829754249131e-04   1.0831707999479269e-04
   9.4013554361446245e+02   1.1463288289837699e-04   8.7855969326071373e-05
   9.5588777017409552e+02   1.0546536020385326e-04   7.2259419791416852e-05
   9.7190392957114818e+02   9.7753837416088022e-05   6.0100352167401242e-05
   9.8818844407204858e+02   9.1136345746987250e-05   5.0449048932313812e-05
   1.0047458100394998e+03   8.5365314787581411e-05   4.2674892839081027e-05
   1.0215805991739852e+03   8.0265451905955383e-05   3.6335839610969207e-05
   1.0386974597760684e+03   7.5708971023471985e-05   3.1113452029357716e-05
   1.0561011180298594e+03   7.1600368020195907e-05   2.6773000544943535e-05
   1.0737963793079603e+03   6.7866708515963717e-05   2.3138034655111027e-05
   1.0917881294983022e+03   6.4451231274639735e-05   2.0073655835384297e-05
   1.1100813363531915e+03   6.1309017145911744e-05   1.7475209304022408e-05
   1.1286810508609826e+03   5.8403984630644010e-05   1.5260454467765998e-05
   1.1475924086407040e+03   5.5706760607684791e-05   1.3364028836950458e-05
   1.1668206313600820e+03   5.3193142239505931e-05   1.1733460025925948e-05
   1.1863710281773035e+03   5.0842966751531786e-05   1.0326244830068956e-05
   1.2062489972069454e+03   4.8639268004972991e-05   9.1076777560199326e-06
   1.2264600270104588e+03   4.6567638209665972e-05   8.0492148932046530e-06
   1.2470096981116324e+03   4.4615738670034264e-05   7.1272260754355409e-06
   1.2679036845374553e+03   4.2772920349026831e-05   6.3220326147475834e-06
   1.2891477553847722e+03   4.1029926411684680e-05   5.6171577419864327e-06
   1.3107477764132184e+03   3.9378656702543671e-05   4.9987373305027740e-06
   1.3327097116648256e+03   3.7811979531774798e-05   4.4550526943605087e-06
   1.3550396251107709e+03   3.6323579969767657e-05   3.9761572785106816e-06
   1.3777436823257121e+03   3.4907836584383341e-05   3.5535762229769171e-06
   1.4008281521901956e+03   3.3559720534110053e-05   3.1800629652763344e-06
   1.4242994086215556e+03   3.2274712378936334e-05   2.8494008359730231e-06
   1.4481639323338500e+03   3.1048733042336838e-05   2.5562404042362068e-06
   1.4724283126272562e+03   2.9878086158351874e-05   2.2959654217519877e-06
   1.4970992492074759e+03   2.8759409641412690e-05   2.0645817887842713e-06
   1.5221835540355917e+03   2.7689634775745339e-05   1.8586251631119570e-06
   1.5476881532089508e+03   2.6665951473311377e-05   1.6750837492479927e-06
   1.5736200888735420e+03   2.5685778621383022e-05   1.5113335127110082e-06
   1.5999865211684294e+03   2.4746738652691844e-05   1.3650836138536299e-06
   1.6267947302027378e+03   2.3846635637147441e-05   1.2343302858559294e-06
   1.6540521180658236e+03   2.2983436325132268e-05   1.1173177201356542e-06
   1.6817662108710351e+03   2.2155253676396357e-05   1.0125047906635009e-06
   1.7099446608338226e+03   2.1360332491623866e-05   9.1853666234727174e-07
   1.7385952483845579e+03   2.0597036830458831e-05   8.3422049978919216e-07
   1.7677258843168677e+03   1.9863838953617243e-05   7.5850463049638829e-07
   1.7973446119718499e+03   1.9159309570427165e-05   6.9046062809588106e-07
   1.8274596094589840e+03   1.8482109208763476e-05   6.2926787172131788e-07
   1.8580791919141921e+03   1.7830980553549544e-05   5.7420021175005452e-07
   1.8892118137957591e+03   1.7204741624018449e-05   5.2461443279664324e-07
   1.9208660712187209e+03   1.6602279679786191e-05   4.7994025493538935e-07
   1.9530507043283401e+03   1.6022545762267420e-05   4.3967165560925025e-07
   1.9857745997134184e+03   1.5464549791691282e-05   4.0335932925048663e-07
   2.0190467928599380e+03   1.4927356151461239e-05   3.7060413063857083e-07
   2.0528764706459224e+03   1.4410079701232792e-05   3.4105137255993399e-07
   2.0872729738780286e+03   1.3911882168207203e-05   3.1438586934699932e-07
   2.1222457998706682e+03   1.3431968872994997e-05   2.9032763617395958e-07
   2.1578046050683406e+03   1.2969585752221106e-05   2.6862817032802348e-07
   2.1939592077118814e+03   1.2524016644990755e-05   2.4906725580981770e-07
   2.2307195905494495e+03   1.2094580814552720e-05   2.3145024737765689e-07
   2.2680959035928277e+03   1.1680630680108839e-05   2.1560580556312297e-07
   2.3060984669200407e+03   1.1281549736807214e-05   2.0138407164500319e-07
   2.3447377735247883e+03   1.0896750644620635e-05   1.8865529313753813e-07
   2.3840244922137704e+03   1.0525673469090391e-05   1.7730893926633986e-07
   2.4239694705524034e+03   1.0167784058887576e-05   1.6725338751705861e-07
   2.4645837378600504e+03   9.8225725468209790e-06   1.5841632582565547e-07
   2.5058785082552836e+03   9.4895519623565651e-06   1.5074611669515331e-07
   2.5478651837522989e+03   9.1682569448931467e-06   1.4421453973730660e-07
   2.5905553574091346e+03   8.8582425479689655e-06   1.3882162611830506e-07
   2.6339608165286677e+03   8.5590831251745248e-06   1.3460383936994186e-07
   2.6780935459132438e+03   8.2703712886672871e-06   1.3164788997110571e-07
   2.7229657311738079e+03   7.9917169304316017e-06   1.3011455159904580e-07
   2.7685897620945657e+03   7.7227462938543224e-06   1.3028130705239540e-07
   2.8149782360538866e+03   7.4631010763302673e-06   1.3262295408636957e-07
   2.8621439615026620e+03   7.2124375254492741e-06   1.3797537864740730e-07
   2.9100999615008514e+03   6.9704254394806750e-06   1.4790179451021158e-07
   2.9588594773133259e+03   6.7367468144772616e-06   1.6562569059141653e-07
   3.0084359720659527e+03   6.5110932222757884e-06   1.9889314546045246e-07
   3.0588431344629075e+03   6.2931576956304489e-06   2.7169459119122203e-07
   3.1100948825663718e+03   6.0825990517358244e-06   5.0361058028622459e-07
   3.1622053676393866e+03   5.8800624898445296e-06   9.0517092130565957e-07
   3.2151889780533056e+03   5.6836429230539967e-06   2.7445009264807707e-07
   3.2690603432605026e+03   5.4939607955125951e-06   1.3775698419330745e-07
   3.3238343378338559e+03   5.3107905646329455e-06   8.4831811993690923e-08
   3.3795260855737070e+03   5.1338651080627102e-06   5.7585744125756151e-08
   3.4361509636838091e+03   4.9629537748649409e-06   4.1366352630660208e-08
   3.4937246070171400e+03   4.7978409025995862e-06   3.0832645885696234e-08
   3.5522629123928855e+03   4.6383209994691417e-06   2.3585714828188623e-08
   3.6117820429857593e+03   4.4841971119823291e-06   1.8392688513401146e-08
   3.6722984327888598e+03   4.3352800347851572e-06   1.4557360300353424e-08
   3.7338287911513157e+03   4.1913878063960779e-06   1.1658282834087956e-08
   3.7963901073919078e+03   4.0523453237956260e-06   9.4263770764940770e-09
   3.8599996554901290e+03   3.9179840162443657e-06   7.6824772594643901e-09
   3.9246749988556357e+03   3.7881415539466085e-06   6.3031781589574404e-09
   3.9904339951778206e+03   3.6626615803647083e-06   5.2010864440560431e-09
