f k11 k12 k13 k14 k21 k22 k23 k24
   1.5915494309189536e-03   1.7024110709660302e+01   1.8084826620451629e+01   1.1647776004141902e+02   1.1777166767539941e+02   6.0393738272803034e+01   5.9309420694630980e+01   9.1765021385244168e+01   9.1334617199373156e+01
   1.7258220403758289e-03   1.7023833159078794e+01   1.8084530019491972e+01   1.1647351086870964e+02   1.1776742067748280e+02   6.0392809159905227e+01   5.9308509873791770e+01   9.1763886947781700e+01   9.1333352579108052e+01
   1.8714226885980156e-03   1.7023506821616081e+01   1.8084181281609702e+01   1.1646851502618026e+02   1.1776242738929595e+02   6.0391716717096507e+01   5.9307438939426326e+01   9.1762553041800615e+01   9.1331865629003090e+01
   2.0293070765493009e-03   1.7023123125871024e+01   1.8083771246285092e+01   1.1646264142077749e+02   1.1775655678342571e+02   6.0390432243608437e+01   5.9306179756264093e+01   9.1760984599204946e+01   9.1330117272761356e+01
   2.2005115338310640e-03   1.7022671996128640e+01   1.8083289145082549e+01   1.1645573598647962e+02   1.1774965487061147e+02   6.0388921999580234e+01   5.9304699249345845e+01   9.1759140388393661e+01   9.1328061570306190e+01
   2.3861598209953820e-03   1.7022141588959450e+01   1.8082722320029813e+01   1.1644761767494352e+02   1.1774154069218645e+02   6.0387146322967212e+01   5.9302958538396780e+01   9.1756971931641274e+01   9.1325644513762143e+01
   2.5874705057418843e-03   1.7021517983932533e+01   1.8082055892905554e+01   1.1643807375271807e+02   1.1773200161934079e+02   6.0385058592314451e+01   5.9300911921130975e+01   9.1754422232573873e+01   9.1322802612846559e+01
   2.8057649614145947e-03   1.7020784820537788e+01   1.8081272376968219e+01   1.1642685428750337e+02   1.1772078784170374e+02   6.0382604008735676e+01   5.9298505679362563e+01   9.1751424280530159e+01   9.1319461233076311e+01
   3.0424760402997025e-03   1.7019922872086251e+01   1.8080351221230885e+01   1.1641366568694701e+02   1.1770760590875624e+02   6.0379718165913218e+01   5.9295676677371482e+01   9.1747899292824059e+01   9.1315532643924286e+01
   3.2991574786545171e-03   1.7018909545819877e+01   1.8079268275734957e+01   1.1639816313177408e+02   1.1769211116587574e+02   6.0376325371687130e+01   5.9292350716829780e+01   9.1743754649175500e+01   9.1310913726751750e+01
   3.5774940952007770e-03   1.7017718296688901e+01   1.8077995164363099e+01   1.1637994172040963e+02   1.1767389890216120e+02   6.0372336678714220e+01   5.9288440606639575e+01   9.1738881464665823e+01   9.1305483283840530e+01
   3.8793128500237521e-03   1.7016317940212772e+01   1.8076498549530093e+01   1.1635852611447224e+02   1.1765249399938813e+02   6.0367647574644096e+01   5.9283843899146994e+01   9.1733151738338407e+01   9.1299098879969009e+01
   4.2065948364660589e-03   1.7014671847502999e+01   1.8074739270562187e+01   1.1633335844349506e+02   1.1762733884037328e+02   6.0362135274156948e+01   5.9278440236272438e+01   9.1726415003772757e+01   9.1291593136531304e+01
   4.5614882847292287e-03   1.7012737002862544e+01   1.8072671334689218e+01   1.1630378419299022e+02   1.1759777920074367e+02   6.0355655545909599e+01   5.9272088240001985e+01   9.1718494395386799e+01   9.1282769384971630e+01
   4.9463226625367212e-03   1.7010462901360128e+01   1.8070240736296153e+01   1.1626903576277941e+02   1.1756304781081677e+02   6.0348038996823817e+01   5.9264621871314731e+01   9.1709182029579637e+01   9.1272396571078716e+01
   5.3636239654130018e-03   1.7007790260392369e+01   1.8067384076388137e+01   1.1622821334294576e+02   1.1752224523462539e+02   6.0339086724105229e+01   5.9255846169852141e+01   9.1698233582832657e+01   9.1260203284219003e+01
   5.8161312969418795e-03   1.7004649515484616e+01   1.8064026950100480e+01   1.1618026271393015e+02   1.1747431767210878e+02   6.0328565231823873e+01   5.9245532273401174e+01   9.1685361929201690e+01   9.1245870765678546e+01
   6.3068148478343401e-03   1.7000959066456101e+01   1.8060082065538300e+01   1.1612394953696773e+02   1.1741803124993103e+02   6.0316200493755950e+01   5.9233411601511747e+01   9.1670229676919121e+01   9.1229024727709017e+01
   6.8388953918178978e-03   1.6996623235633187e+01   1.8055447052294546e+01   1.1605782966405800e+02   1.1735194232904577e+02   6.0301671027538305e+01   5.9219169071347537e+01   9.1652440417734269e+01   9.1209225789523998e+01
   7.4158654263155313e-03   1.6991529895122792e+01   1.8050001912747970e+01   1.1598021496712782e+02   1.1727436332712661e+02   6.0284599827127401e+01   5.9202435196313971e+01   9.1631528472812363e+01   9.1185958308296378e+01
   8.0415120966784263e-03   1.6985547715416388e+01   1.8043606063830449e+01   1.1588913417005314e+02   1.1718332353733565e+02   6.0264544981441063e+01   5.9182776899458986e+01   9.1606946885230741e+01   9.1158617352313996e+01
   8.7199420544439212e-03   1.6978522983028295e+01   1.8036094911611485e+01   1.1578228817327603e+02   1.1707652443008519e+02   6.0240988787416605e+01   5.9159686854643958e+01   9.1578053371195551e+01   9.1126493530219065e+01
   9.4556084127843526e-03   1.6970275930860552e+01   1.8027275896143873e+01   1.1565699940072216e+02   1.1695128896319206e+02   6.0213325146509824e+01   5.9132571149997439e+01   9.1544093900130818e+01   9.1088755355465963e+01
   1.0253339976078529e-02   1.6960596522081204e+01   1.8016923940092877e+01   1.1551015478862814e+02   1.1680450451407390e+02   6.0180845016285367e+01   5.9100735051585367e+01   9.1504183528222427e+01   9.1044428790115532e+01
   1.1118372935464306e-02   1.6949239627292453e+01   1.8004776232516956e+01   1.1533814219700092e+02   1.1663255920651928e+02   6.0142719675361299e+01   5.9063366632714441e+01   9.1457284061881140e+01   9.0992373579033170e+01
   1.2056385238417091e-02   1.6935919536738318e+01   1.7990526279880772e+01   1.1513678028436975e+02   1.1643127166151298e+02   6.0097981553630021e+01   5.9019518028846143e+01   9.1402178078946392e+01   9.0931255957822515e+01
   1.3073533857951267e-02   1.6920303755749540e+01   1.7973817161476255e+01   1.1490124228016170e+02   1.1619581459133198e+02   6.0045502384741368e+01   5.8968084084069453e+01   9.1337438789743842e+01   9.0859517300481386e+01
   1.4176495206073746e-02   1.6902006044513744e+01   1.7954233937934056e+01   1.1462597465910427e+02   1.1592063322102412e+02   5.9983968460269544e+01   5.8907778178345112e+01   9.1261395182999436e+01   9.0775338273157772e+01
   1.5372508956757774e-02   1.6880578685159175e+01   1.7931295182097958e+01   1.1430461251855934e+02   1.1559936031121735e+02   5.9911852812924820e+01   5.8837105073305338e+01   9.1172091881957272e+01   9.0676598089078198e+01
   1.6669425566084355e-02   1.6855503993283023e+01   1.7904443634627626e+01   1.1392989453772491e+02   1.1522473062576051e+02   5.9827384240321294e+01   5.8754330698790632e+01   9.1067243147310535e+01   9.0560828531465376e+01
   1.8075757801466408e-02   1.6826185141411028e+01   1.7873036036549532e+01   1.1349358181228810e+02   1.1478849909179721e+02   5.9728513215065782e+01   5.8657448936136895e+01   9.0944180525686590e+01   9.0425162546341070e+01
   1.9600736618185902e-02   1.6791936433096541e+01   1.7836332262707852e+01   1.1298638665470310e+02   1.1428136868367264e+02   5.9612874928732879e+01   5.8544145654521792e+01   9.0799793784122897e+01   9.0266277432736786e+01
   2.1254371750009073e-02   1.6751973263638785e+01   1.7793483979530176e+01   1.1239791964827533e+02   1.1369293624513307e+02   5.9477750007819687e+01   5.8411760544024283e+01   9.0630465032420005e+01   9.0080333009522832e+01
   2.3047517411587677e-02   1.6705402132011738e+01   1.7743523183980393e+01   1.1171666581169058e+02   1.1301166701609964e+02   5.9320023843558118e+01   5.8257247687171130e+01   9.0431996370782500e+01   8.9862905660637921e+01
   2.4991943543906929e-02   1.6651211233195390e+01   1.7685351153994276e+01   1.1093000355358669e+02   1.1222491143615667e+02   5.9136146020971587e+01   5.8077136345030702e+01   9.0199532080016283e+01   8.9608919907833609e+01
   2.7100413070424677e-02   1.6588262363464715e+01   1.7617728558570175e+01   1.1002428292935227e+02   1.1131898061418852e+02   5.8922092041168376e+01   5.7867494128421924e+01   8.9927477381411592e+01   8.9312580192437849e+01
   2.9386765670999633e-02   1.6515285112370751e+01   1.7539267739139234e+01   1.0898498213148503e+02   1.1027929926310998e+02   5.8673330423309437e+01   5.7623895596757393e+01   8.9609417228735083e+01   8.8967306924953164e+01
   3.1866008623488103e-02   1.6430874586968891e+01   1.7448428477902223e+01   1.0779696250569999e+02   1.0909065626138144e+02   5.8384799352047288e+01   5.7341400377987782e+01   8.9238040546285703e+01   8.8565682629101971e+01
   3.4554415309280155e-02   1.6333494199729273e+01   1.7343518898845527e+01   1.0644484180315447e+02   1.0773757244291197e+02   5.8050898276404816e+01   5.7014546105846392e+01   8.8805077852803251e+01   8.8099416172803288e+01
   3.7469632029350677e-02   1.6221485322013351e+01   1.7222703474459284e+01   1.0491350177018396e+02   1.0620480166032952e+02   5.7665501193430494e+01   5.6637362751441238e+01   8.8301263290017758e+01   8.7559335575887886e+01
   4.0630793831950091e-02   1.6093085814295922e+01   1.7084020388528362e+01   1.0318873839230703e+02   1.0447797347746246e+02   5.7221999620968546e+01   5.6203416143681054e+01   8.7716335539462534e+01   8.6935422523082281e+01
   4.4058650112210385e-02   1.5946459528498321e+01   1.6925410663254965e+01   1.0125805020588271e+02   1.0254437309448252e+02   5.6713384242071605e+01   5.5705889395959204e+01   8.7039095566110305e+01   8.6216904120363665e+01
   4.7775700808083625e-02   1.5779738755476449e+01   1.6744761404707123e+01   9.9111541746166395e+01   1.0039383597937864e+02   5.6132374543474633e+01   5.5137711249443399e+01   8.6257541869155745e+01   8.5392419011414802e+01
   5.1806344086582599e-02   1.5591081168623372e+01   1.6539965142657444e+01   9.6742896228317363e+01   9.8019711984640836e+01   5.5471605020920883e+01   5.4491739570316248e+01   8.5359104899266967e+01   8.4450274868592913e+01
   5.6177036489714408e-02   1.5378742000146248e+01   1.6308996421917460e+01   9.4150346390554759e+01   9.5419828882061367e+01   5.4723874168190356e+01   5.3761005902586867e+01   8.4331000179208914e+01   8.3378811448270255e+01
   6.0916466591280749e-02   1.5141160909364718e+01   1.6050005443776961e+01   9.1337549335584612e+01   9.2597362477447092e+01   5.3882458017659999e+01   5.2939022614632911e+01   8.3160713028539064e+01   8.2166876796320253e+01
   6.6055743304402392e-02   1.4877061244647130e+01   1.5761426616380685e+01   8.8314255968312423e+01   8.9561505478640882e+01   5.2941483163531792e+01   5.2020147509324417e+01   8.1836615568203612e+01   8.0804413053980909e+01
   7.1628600075790541e-02   1.4585557235220932e+01   1.5442097415410140e+01   8.5096664459698744e+01   8.6327826200355190e+01   5.1896345090420780e+01   5.0999991915000201e+01   8.0348698706192295e+01   7.9283132646822637e+01
   7.7671616307065316e-02   1.4266262276877386e+01   1.5091380199493784e+01   8.1707364929536496e+01   8.2918225749182085e+01   5.0744147003442805e+01   4.9875847973884824e+01   7.8689379433321761e+01   7.7597246658380129e+01
   8.4224457456498619e-02   1.3919389247646565e+01   1.4709276971808247e+01   7.8174820666842535e+01   7.9360439883706903e+01   4.9484123747344704e+01   4.8647100586181502e+01   7.6854320222615470e+01   7.5744187627512716e+01
   9.1330135397172996e-02   1.3545832193151083e+01   1.4296525103672140e+01   7.4532386116218788e+01   7.5687085681099745e+01   4.8118007070886755e+01   4.7315581439298079e+01   7.4843177575284358e+01   7.3725252992466608e+01
   9.9035290740508750e-02   1.3147218307761840e+01   1.3854661393186213e+01   7.0816924738226774e+01   7.1934314726056542e+01   4.6650285054701754e+01   4.5885819282913722e+01   7.2660186546481228e+01   7.1546087742201507e+01
   1.0739049897828891e-01   1.2725920383101116e+01   1.3386043092658836e+01   6.7067148286968319e+01   6.8140191559610386e+01   4.5088312262531225e+01   4.4365144312363761e+01   7.0314492387179854e+01   6.9216929715407176e+01
   1.1645060245265286e-01   1.2285023018235616e+01   1.2893817971064669e+01   6.3321840259814159e+01   6.4342956116937472e+01   4.3442239192722525e+01   4.2763616252358382e+01   6.7820161593534536e+01   6.6752560413785758e+01
   1.2627507033305965e-01   1.1828240681232087e+01   1.2381840856363640e+01   5.9618140908223197e+01   6.0579342840156826e+01   4.1724749076873721e+01   4.1093764688616197e+01   6.5195840962113110e+01   6.4171936736020044e+01
   1.3692838896305690e-01   1.1359791488759841e+01   1.1854540638472441e+01   5.5990056230355826e+01   5.6883114327842698e+01   3.9950614032439255e+01   3.9370153497434792e+01   6.2464078723733799e+01   6.1497519521779012e+01
   1.4848048513903292e-01   1.0884236258220520e+01   1.1316748182394177e+01   5.2467312972964315e+01   5.3283928049372378e+01   3.8136106447478014e+01   3.7608804423734284e+01   5.9650367459460519e+01   5.8754355322790659e+01
   1.6100718509929063e-01   1.0406296807990499e+01   1.0773500658097904e+01   4.9074625758108091e+01   4.9806600562841666e+01   3.6298320275153927e+01   3.5826533112819149e+01   5.6782004731471169e+01   5.5968999901332793e+01
   1.7459071223617978e-01   9.9306697043229040e+00   1.0229840376596805e+01   4.5831383486965933e+01   4.6470776919365797e+01   3.4454466740005344e+01   3.4040260415183177e+01   5.3886886902694101e+01   5.3168389034618535e+01
   1.8932022679819402e-01   9.4618512826393868e+00   9.6906258752938346e+00   4.2751711583720770e+01   4.3290964445525951e+01   3.2621208154111997e+01   3.2266360950417493e+01   5.0992351523715641e+01   5.0378761555149133e+01
   2.0529241112456026e-01   9.0039870509976865e+00   9.1603699872083446e+00   3.9844832046533512e+01   4.0276857034568415e+01   3.0814083086812044e+01   3.0520100690034024e+01   4.8124165858270487e+01   4.7624722859256167e+01
   2.2261210425370961e-01   8.5607542820102118e+00   8.6431148131162807e+00   3.7115627325277984e+01   3.7433860823167578e+01   2.9047059118568061e+01   2.8815198713681244e+01   4.5305729316585172e+01   4.4928509522756897e+01
   2.4139299007110626e-01   8.1352817324412392e+00   8.1423480273609155e+00   3.4565314929652310e+01   3.4763732829205580e+01   2.7332229918070851e+01   2.7163529286187295e+01   4.2557523173481357e+01   4.2309483914174329e+01
   2.6175834351333677e-01   7.7301059536323713e+00   7.6609598576040474e+00   3.2192152691454581e+01   3.2265256258758399e+01   2.5679655246577969e+01   2.5574962733520508e+01   3.9896808842870314e+01   3.9783858090989227e+01
   2.8384183972642707e-01   7.3471602404826264e+00   7.2012361409377377e+00   2.9992114101344043e+01   2.9934894397207451e+01   2.4097328411516752e+01   2.4057329895153643e+01   3.7337550956511201e+01   3.7364623214737925e+01
   3.0778843148958801e-01   6.9877902043572968e+00   6.7648804140899941e+00   2.7959494055011106e+01   2.7767384535176213e+01   2.2591246878178442e+01   2.2616486386509052e+01   3.4890525698302014e+01   3.5061646211826911e+01
   3.3375530066366299e-01   6.6527891975119982e+00   6.3530570118858547e+00   2.6087424102629964e+01   2.5756250913041800e+01   2.1165558093904721e+01   2.1256449414170419e+01   3.2563568077091624e+01   3.2881889265738131e+01
   3.6191288990944492e-01   6.3424470861659676e+00   5.9664473453116447e+00   2.4368291008655508e+01   2.3894229439708624e+01   1.9822753093149000e+01   1.9979580485579213e+01   3.0361912333343721e+01   3.0829708352429524e+01
   3.9244602144791174e-01   6.0566067906301768e+00   5.6053125216070736e+00   2.2794062615950022e+01   2.2173606498285821e+01   1.8563883767952607e+01   1.8786790712944690e+01   2.8288585055119977e+01   2.8907192216398826e+01
   4.2555511020574815e-01   5.7947242176065830e+00   5.2695568741152892e+00   2.1356531116261831e+01   2.0586479894944883e+01   1.7388784468125323e+01   1.7677750220327606e+01   2.6344818446452653e+01   2.7114510767248166e+01
   4.6145747930906977e-01   5.5559284127649091e+00   4.9587884839077665e+00   2.0047486754380234e+01   1.9124952756869369e+01   1.6296283766392140e+01   1.6651088369121940e+01   2.4530459604479031e+01   2.5450250121867228e+01
   5.0038878656004560e-01   5.3390797776066385e+00   4.6723741911785401e+00   1.8858835718280080e+01   1.7781271850968650e+01   1.5284397064082363e+01   1.5704576399791282e+01   2.2844359255068451e+01   2.3911719255579179e+01
   5.4260457125960215e-01   5.1428249448473817e+00   4.4094877961250685e+00   1.7782675344706529e+01   1.6547921184842867e+01   1.4350494828843676e+01   1.4835288236605807e+01   2.1284729336048585e+01   2.2495219813963182e+01
   5.8838193152932949e-01   4.9656473974457720e+00   4.1691510902883842e+00   1.6811338430365787e+01   1.5417680489330118e+01   1.3491444505484466e+01   1.4039738444589812e+01   1.9849462670793113e+01   2.1196275837100707e+01
   6.3802134314226500e-01   4.8059132098812674e+00   3.9502680389044720e+00   1.5937416788051847e+01   1.4383656699104870e+01   1.2703726545088038e+01   1.3313998646491715e+01   1.8536409581009178e+01   2.0009823982407248e+01
   6.9184863180110878e-01   4.6619114721153103e+00   3.7516528758222893e+00   1.5153772445007570e+01   1.3439295111361412e+01   1.1983526661169762e+01   1.2653795173033304e+01   1.7343605680664961e+01   1.8930367460456125e+01
   7.5021711180959050e-01   4.5318891086723081e+00   3.5720531087370069e+00   1.4453543144739763e+01   1.2578375656266520e+01   1.1326807478135947e+01   1.2054591447948448e+01   1.6269442538176577e+01   1.7952098527612982e+01
   8.1350990517492794e-01   4.4140799859571471e+00   3.4101685016705110e+00   1.3830147118999507e+01   1.1794998715003853e+01   1.0729363314859450e+01   1.1511658740927107e+01   1.5312769061430306e+01   1.7068995213915596e+01
   8.8214245636360422e-01   4.3067284371034180e+00   3.2646670441308254e+00   1.3277290467739887e+01   1.1083564174822664e+01   1.0186862054761143e+01   1.1020138614731245e+01   1.4472907731004890e+01   1.6274898185976816e+01
   9.5656525921695146e-01   4.2081076222913154e+00   3.1341987756873633e+00   1.2788978964431005e+01   1.0438746883606848e+01   9.6948779859544238e+00   1.0575099819127832e+01   1.3749568582743544e+01   1.5563573414276853e+01
   1.0372668139256183e+00   4.1165334592247076e+00   3.0174081571995726e+00   1.2359534761373782e+01   9.8554713055164473e+00   9.2489192337868911e+00   1.0171591718582613e+01   1.3142648511110067e+01   1.4928765785450196e+01
   1.1247768334720383e+00   4.0303751678584625e+00   2.9129455114675138e+00   1.1983617386982496e+01   9.3288879178020885e+00   8.8444530337252214e+00   9.8046957397548269e+00   1.2651917453410102e+01   1.4364248126480096e+01
   1.2196697205875389e+00   3.9480637366421303e+00   2.8194779346487411e+00   1.1656247674133846e+01   8.8543536546344779e+00   8.4769316809878514e+00   9.4695758995235231e+00   1.2276617442617617e+01   1.3863869435788162e+01
   1.3225683380462934e+00   3.8680997952911738e+00   2.7357000259590292e+00   1.1372832866527537e+01   8.4274184252492805e+00   8.1418216029193839e+00   9.1615292621420075e+00   1.2015031028306037e+01   1.3421605559628491e+01
   1.4341480970437761e+00   3.7890624311862737e+00   2.6603447911837823e+00   1.1129191095876083e+01   8.0438193471606567e+00   7.8346376479078135e+00   8.8760371242707983e+00   1.1864100777079310e+01   1.3031615150480967e+01
   1.5551413904952365e+00   3.7096203704233459e+00   2.5921951092540412e+00   1.0921573633445192e+01   7.6994837914800351e+00   7.5509843229687803e+00   8.6088177050658423e+00   1.1819186604363455e+01   1.2688303424031991e+01
   1.6863424003536740e+00   3.6285466180543642e+00   2.5300961484587012e+00   1.0746683690944113e+01   7.3905416083516595e+00   7.2866052205181786e+00   8.3558809378612029e+00   1.1874023446951721e+01   1.2386395794913490e+01
   1.8286123105018732e+00   3.5447370836052330e+00   2.4729690064148433e+00   1.0601690971272655e+01   7.1133459862072401e+00   7.0374410841576829e+00   8.1135854321490921e+00   1.2020893899238768e+01   1.2121022634634812e+01
   1.9828849594351112e+00   3.4572329062086129e+00   2.4198255655948606e+00   1.0484241565648606e+01   6.8645013366488081e+00   6.7996957194681062e+00   7.8786966783882262e+00   1.2250978797494328e+01   1.1887814886807869e+01
   2.1501729698379122e+00   3.3652451927656486e+00   2.3697840867161406e+00   1.0392463114657856e+01   6.6408954748157925e+00   6.5699072141934218e+00   7.6484441186384453e+00   1.2554815351734046e+01   1.1683007979042289e+01
   2.3315743952885053e+00   3.2681798228130345e+00   2.3220844564833474e+00   1.0324965388927028e+01   6.4397323303796279e+00   6.3450198504836663e+00   7.4205730029151775e+00   1.2922787354210294e+01   1.1503548566069435e+01
   2.5282799277189110e+00   3.1656590632596102e+00   2.2761013913945018e+00   1.0280836616419052e+01   6.2585606801967693e+00   6.1224500733757221e+00   7.1933853800495902e+00   1.3345589319654097e+01   1.1347195660817963e+01
   2.7415807129394136e+00   3.0575362286709380e+00   2.2313534592484769e+00   1.0259636006917329e+01   6.0952941681637354e+00   5.9001385210633801e+00   6.9657636340486144e+00   1.3814631717493917e+01   1.1212605476435169e+01
   2.9728768255273010e+00   2.9438997495009405e+00   2.1875057029787870e+00   1.0261383003567495e+01   5.9482183586815642e+00   5.6765800509286226e+00   6.7371701465374025e+00   1.4322375256239033e+01   1.1099388674584432e+01
   3.2236864587078036e+00   2.8250638916027033e+00   2.1443640600324763e+00   1.0286543806015578e+01   5.8159818201148203e+00   5.4508253354299931e+00   6.5076182084734100e+00   1.4862593296238286e+01   1.1008130264909985e+01
   3.4956558895482686e+00   2.7015449409991885e+00   2.1018606596951619e+00   1.0336015622844341e+01   5.6975701231099070e+00   5.2224509657091680e+00   6.2776121285292428e+00   1.5430564200831917e+01   1.0940366107664703e+01
   3.7905702848755478e+00   2.5740236614268590e+00   2.0600302965983075e+00   1.0411108891164815e+01   5.5922638331003203e+00   4.9914996078671265e+00   6.0480581059644791e+00   1.6023193958765624e+01   1.0898515115167950e+01
   4.1103654188451237e+00   2.4432968390170990e+00   2.0189796553634887e+00   1.0513527351475615e+01   5.4995836184953815e+00   4.7583967472833200e+00   5.8201510906651244e+00   1.6639067635926011e+01   1.0885771572415926e+01
   4.4571403790742714e+00   2.3102223189141435e+00   1.9788519077622229e+00   1.0645345450156114e+01   5.4192270469508204e+00   4.5238549646006527e+00   5.5952457476443573e+00   1.7278428365492775e+01   1.0905966115591619e+01
   4.8331713447404461e+00   2.1756627993586917e+00   1.9397899042626292e+00   1.0808982199192217e+01   5.3510022408195148e+00   4.2887797604487679e+00   5.3747212233840216e+00   1.7943085193093584e+01   1.0963405780928653e+01
   5.2409265270823431e+00   2.0404336743764691e+00   1.9019012684906949e+00   1.1007170566008293e+01   5.2947633309092579e+00   4.0541923620544322e+00   5.1598495489206861e+00   1.8636255715853427e+01   1.1062702840172049e+01
   5.6830823703707170e+00   1.9052595174019169e+00   1.8652283696692558e+00   1.1242921968021205e+01   5.2503518940663065e+00   3.8211848280755198e+00   4.9516765286065620e+00   1.9362355525867841e+01   1.1208599384713025e+01
   6.1625411196898936e+00   1.7707426287903880e+00   1.8297256024745172e+00   1.1519486810956087e+01   5.2175477848823437e+00   3.5909214944265977e+00   4.7509224730874493e+00   2.0126753908072455e+01   1.1405791036049239e+01
   6.6824498708420839e+00   1.6373457099948967e+00   1.7952458797680921e+00   1.1840314524122919e+01   5.1960325012295767e+00   3.3646986483069585e+00   4.5579088056695047e+00   2.0935524639418073e+01   1.1658750406648222e+01
   7.2462212274154325e+00   1.5053893708399246e+00   1.7615379010365044e+00   1.2209020385528493e+01   5.1853688197757455e+00   3.1440710008842294e+00   4.3725158393096910e+00   2.1795233062930119e+01   1.1971550750657380e+01
   7.8575557006055572e+00   1.3750638711157106e+00   1.7282555990705479e+00   1.2629371487058743e+01   5.1850019166631824e+00   2.9310476607669127e+00   4.1941768704132985e+00   2.2712816480430931e+01   1.2347694023331464e+01
   8.5204659988197111e+00   1.2464531555935014e+00   1.6949809853502578e+00   1.3105309810264513e+01   5.1942890697572972e+00   2.7283486558594778e+00   4.0219135812438536e+00   2.3695633503208523e+01   1.2789955808740167e+01
   9.2393033664970279e+00   1.1195677333368181e+00   1.6612610217737342e+00   1.3641035079792115e+01   5.2125662859249706e+00   2.5396897099707627e+00   3.8544164950220252e+00   2.4751776005420652e+01   1.3300271138086645e+01
   1.0018786145028722e+01   9.9438127097303919e-01   1.6266576932986496e+00   1.4241171434754133e+01   5.2392593643280740e+00   2.3700196641479612e+00   3.6901706214138121e+00   2.5890748629059786e+01   1.3879696590785054e+01
   1.0864030743248113e+01   8.7086421211949550e-01   1.5908078871292610e+00   1.4911037208442236e+01   5.2740426514838807e+00   2.2255670518859643e+00   3.5276196892538709e+00   2.7124618145307068e+01   1.4528489228001121e+01
   1.1780585220775952e+01   7.4900699445212138e-01   1.5534862747673088e+00   1.5657024476775261e+01   5.3170407493517731e+00   2.1134812296116028e+00   3.3653530893639001e+00   2.8469714653445827e+01   1.5246334763570843e+01
   1.2774465704657215e+01   6.2882648240580241e-01   1.5146611839264523e+00   1.6487075964442138e+01   5.3690584433328352e+00   2.0408673439704579e+00   3.2022904749257708e+00   2.9948935423148207e+01   1.6032731336702394e+01
   1.3852195878322835e+01   5.1035303092104589e-01   1.4745320765547754e+00   1.7411227601417767e+01   5.4318162640971002e+00   2.0132657644935654e+00   3.0378342267477558e+00   3.1594683316861996e+01   1.6887493866731390e+01
   1.5020849802075761e+01   3.9360343658043795e-01   1.4335392046745210e+00   1.8442175499433461e+01   5.5081687200792331e+00   2.0331338620378703e+00   2.8719639375686814e+00   3.3452503296889631e+01   1.7811299376800925e+01
   1.6288098346169015e+01   2.7856418266067473e-01   1.3923415659856690e+00   1.9595835580737425e+01   5.6022931142040946e+00   2.0992281854602370e+00   2.7052612140043069e+00   3.5585604076671650e+01   1.8806164030929089e+01
   1.7662259541255214e+01   1.6531144668073025e-01   1.3517668484982996e+00   2.0891894914735659e+01   5.7198585275034457e+00   2.2073837355791022e+00   2.5388745542914140e+00   3.8080696573225282e+01   1.9875742330649892e+01
   1.9152353176700533e+01   5.6259226551249257e-02   1.3127437366760024e+00   2.2354398751346768e+01   5.8682120948311027e+00   2.3522804189600541e+00   2.3744567714693683e+00   4.1055957017905904e+01   2.1025368272865613e+01
   2.0768160005138377e+01   6.7668340540303462e-02   1.2762300652680316e+00   2.4012463262327000e+01   6.0566469574792503e+00   2.5293351102218229e+00   2.2141261186649666e+00   4.4672438532901211e+01   2.2261800699389262e+01
   2.2520285941872707e+01   1.7808290683384989e-01   1.2431488555559402e+00   2.5901240745655212e+01   6.2968407111800246e+00   2.7361924456423519e+00   2.0605166390916865e+00   4.9150953743996119e+01   2.3592664363510192e+01
   2.4420231680525823e+01   2.9271238343222866e-01   1.2143392418992520e+00   2.8063290230185906e+01   6.6035792027118463e+00   2.9738660491615763e+00   1.9169993265754279e+00   5.4797458654569652e+01   2.5025569447240134e+01
   2.6480468181878059e+01   4.1096599779916565e-01   1.1905226397184161e+00   3.0550528415387127e+01   6.9959199105732894e+00   3.2479527570600601e+00   1.7881821784955023e+00   6.2041549191246816e+01   2.6566825991803039e+01
   2.8714518531396621e+01   5.3428392478202635e-01   1.1722775342263223e+00   3.3426955282711866e+01   7.4990193148231921e+00   3.5705253621629462e+00   1.6808335649809139e+00   7.1495316272267502e+01   2.8219523675321355e+01
   3.1137046702753675e+01   6.6458539459090649e-01   1.1600082070340509e+00   3.6772330028756485e+01   8.1469698839133997e+00   3.9634970143013648e+00   1.6053788804544042e+00   8.4044291620036390e+01   2.9980474172325220e+01
   3.3763953809965145e+01   8.0413843203606872e-01   1.1538789708261448e+00   4.0686750712568376e+01   8.9871765986168146e+00   4.4645652609059905e+00   1.5779631119974282e+00   1.0098969139150569e+02   3.1835002689655937e+01
   3.6612482479934059e+01   9.5550214105936349e-01   1.1536534350252114e+00   4.5295067283854493e+01   1.0086998394888221e+01   5.1372631620070974e+00   1.6225803957481300e+00   1.2427235456893487e+02   3.3747599442050024e+01
   3.9701330030485103e+01   1.1213115851637412e+00   1.1582951620172237e+00   5.0746183330968634e+01   1.1543220432891331e+01   6.0868691769095529e+00   1.7722819620706303e+00   1.5681924857420347e+02   3.5644645144254021e+01
   4.3050771196772907e+01   1.3034329625783994e+00   1.1649674383619777e+00   5.7188693149370152e+01   1.3492687635493555e+01   7.4827926969251672e+00   2.0693143542762664e+00   2.0303040201889164e+02   3.7382922319572849e+01
   4.6682791211623368e+01   1.5000339864549594e+00   1.1665315984490690e+00   6.4659171264207217e+01   1.6111054260316124e+01   9.5805280698026838e+00   2.5650341316235594e+00   2.6920520532037511e+02   3.8699955680251570e+01
   5.0621230113326831e+01   1.6964792379451796e+00   1.1457132667386483e+00   7.2690099656898994e+01   1.9541857820495352e+01   1.2700350850078234e+01   3.3114448207474898e+00   3.6263851817939326e+02   3.9189974104019498e+01
   5.4891939228097343e+01   1.8432211690950890e+00   1.0655848530735230e+00   7.9257067199970450e+01   2.3580298390773230e+01   1.6994628649017237e+01   4.3032154966922898e+00   4.8462854518588625e+02   3.8629033826929337e+01
   5.9522950854326901e+01   1.8379295938633096e+00   8.7640997896540607e-01   7.9573478561586924e+01   2.6992079929002930e+01   2.1732043412743117e+01   5.3157421405203058e+00   6.1074810304632274e+02   3.8532896559821076e+01
   6.4544662262416296e+01   1.6200708492400870e+00   5.9492065285775841e-01   6.9492665472904434e+01   2.7790593991267784e+01   2.4983496000844749e+01   5.8811795858233786e+00   6.8589270596704046e+02   4.2712180817537259e+01
   6.9990035217928806e+01   1.3336134549166743e+00   3.8193332581440814e-01   5.3099781933752382e+01   2.5864243255769605e+01   2.5772701765807980e+01   5.8341454876772465e+00   6.8765367230558263e+02   5.0885601525873604e+01
   7.5894812337709354e+01   1.1726849032381599e+00   3.8022339394960597e-01   3.8208725426671869e+01   2.3040728205218365e+01   2.5133873013942228e+01   5.4828488603438652e+00   6.4996361263231393e+02   5.9379077380955884e+01
   8.2297751699096281e+01   1.1678032456227987e+00   4.7705771324109719e-01   2.8536305566435111e+01   2.0562415553930425e+01   2.4176170737201598e+01   5.1047397113890609e+00   6.0509197023976435e+02   6.6812379372876492e+01
   8.9240881242167589e+01   1.2490798080191368e+00   5.6947750537103869e-01   2.4341744807990455e+01   1.8724731987886891e+01   2.3335433045827969e+01   4.7974010173403521e+00   5.6477901193340062e+02   7.3241072218096065e+01
   9.6769774634877606e+01   1.3583896244309692e+00   6.4173424301137438e-01   2.4045565765941575e+01   1.7455296241153359e+01   2.2686332474710756e+01   4.5715518354230911e+00   5.3054969814494314e+02   7.8858179756853744e+01
   1.0493385041182417e+02   1.4693252872985660e+00   6.9727683750861602e-01   2.5579248294906382e+01   1.6611780144499356e+01   2.2191315530297597e+01   4.4132429477301329e+00   5.0103304515087513e+02   8.3722257553358673e+01
   1.1378669635014843e+02   1.5728407733382797e+00   7.4108915889815929e-01   2.7608291096010170e+01   1.6064665880682483e+01   2.1792396291723023e+01   4.3047922796917382e+00   4.7452075220291766e+02   8.7781953323076380e+01
   1.2338642121171932e+02   1.6671078151284338e+00   7.7714081939964264e-01   2.9556824084760866e+01   1.5711549780016762e+01   2.1438322036688824e+01   4.2303033351456003e+00   4.4965874012531390e+02   9.0937725796152421e+01
   1.3379603616039009e+02   1.7531694188008797e+00   8.0836196994500464e-01   3.1237470699675342e+01   1.5475890093381496e+01   2.1091928011524896e+01   4.1769773515271007e+00   4.2557811085162882e+02   9.3096581228796040e+01
   1.4508386835789162e+02   1.8332153945385921e+00   8.3694012823590191e-01   3.2623329652686508e+01   1.5303552418689907e+01   2.0731601366015262e+01   4.1354506986934521e+00   4.0186300758224803e+02   9.4212495995106067e+01
   1.5732400945314112e+02   1.9098440981306788e+00   8.6457463704481041e-01   3.3747656592992001e+01   1.5159333745392368e+01   2.0350186262953077e+01   4.0997924232968330e+00   3.7845824062790706e+02   9.4307950822264019e+01
   1.7059680190878888e+02   1.9856868397004201e+00   8.9264700237548178e-01   3.4661705239539387e+01   1.5023294808340451e+01   1.9952077873754725e+01   4.0671765780557143e+00   3.5554910596540441e+02   9.3474758650706860e+01
   1.8498936635717314e+02   2.0631867758062241e+00   9.2232262689281708e-01   3.5416834162861200e+01   1.4886797181012140e+01   1.9549206471165864e+01   4.0372520231457338e+00   3.3343844871289633e+02   9.1858027099546604e+01
   2.0059617344717333e+02   2.1444727570179332e+00   9.5460824688861246e-01   3.6057455376987448e+01   1.4748592175086317e+01   1.9156912379252731e+01   4.0113561061666418e+00   3.1244469312224601e+02   8.9631639341842160e+01
   2.1751966393547332e+02   2.2313075863554279e+00   9.9038647601595686e-01   3.6619252366089221e+01   1.4611471704284922e+01   1.8790606316323128e+01   3.9917631639637858e+00   2.9283505396710501e+02   8.6974080212124477e+01
   2.3587092109242766e+02   2.3250910493039059e+00   1.0304416592235959e+00   3.7129913067668859e+01   1.4479817887514777e+01   1.8463648476521165e+01   3.9811046259412528e+00   2.7479483664994837e+02   8.4050344771383436e+01
   2.5577039983610112e+02   2.4268944702773685e+00   1.0754838420670183e+00   3.7610818170316428e+01   1.4358094462641009e+01   1.8186397944779504e+01   3.9820057774998525e+00   2.5842415274922752e+02   8.1001654409526950e+01
   2.7734871738040289e+02   2.5375059870164751e+00   1.1261726053758032e+00   3.8078823435802576e+01   1.4250105396638661e+01   1.7966107959103937e+01   3.9969129012789351e+00   2.4375037676648310e+02   7.7941866314876364e+01
   3.0074751058702168e+02   2.6574727179387110e+00   1.1831401966145949e+00   3.8547741457109389e+01   1.4158766433562633e+01   1.7807290474022661e+01   4.0280532773208888e+00   2.3074650633890852e+02   7.4958341287600845e+01
   3.2612036564868407e+02   2.7871333129799343e+00   1.2470128813091461e+00   3.9029411979960749e+01   1.4086157964317694e+01   1.7712252115724855e+01   4.0774703260862202e+00   2.1934920541393623e+02   7.2115133363729242e+01
   3.5363382620604546e+02   2.9266395831606320e+00   1.3184296641491038e+00   3.9534390198196647e+01   1.4033693032823592e+01   1.7681617613289276e+01   4.1470902446314577e+00   2.0947359514126305e+02   6.9456973682689778e+01
   3.8346848651533196e+02   3.0759687007609000e+00   1.3980578304276838e+00   4.0072331703106123e+01   1.4002300960443630e+01   1.7714753250776770e+01   4.2387925987924353e+00   2.0102403730177144e+02   6.7013163208934287e+01
   4.1582017684213605e+02   3.2349285930727625e+00   1.4866049034483293e+00   4.0652157177861781e+01   1.3992577597044292e+01   1.7810066719354047e+01   4.3544700027974610e+00   1.9390128699522134e+02   6.4800967491848567e+01
   4.5090124886210816e+02   3.4031594723571983e+00   1.5848266154086745e+00   4.1282068996652463e+01   1.4004885612706214e+01   1.7965195102876198e+01   4.4960702216989246e+00   1.8800681557668031e+02   6.2828398198943056e+01
   4.8894196950571518e+02   3.5801345232777861e+00   1.6935304443013528e+00   4.1969479787611178e+01   1.4039406659766563e+01   1.8177108944224550e+01   4.6656186690978663e+00   1.8324514741951407e+02   6.1096415376040923e+01
   5.3019203239606998e+02   3.7651628403993027e+00   1.8135742704487907e+00   4.2720904030328086e+01   1.4096156541900863e+01   1.8442165439870607e+01   4.8652216315769525e+00   1.7952493414860947e+02   5.9600645051137278e+01
   5.7492219680067797e+02   3.9573977469506829e+00   1.9458598095192432e+00   4.3541857185078193e+01   1.4174978350374801e+01   1.8756142885761182e+01   5.0970516885635977e+00   1.7675932613205941e+02   5.8332719962208245e+01
   6.2342606485492627e+02   4.1558534547876125e+00   2.0913206961404298e+00   4.4436800221626292e+01   1.4275529009211612e+01   1.9114284162981157e+01   5.3633173956225741e+00   1.7486604470424030e+02   5.7281342305576374e+01
   6.7602200872276444e+02   4.3594324254276504e+00   2.2509053945804722e+00   4.5409158317680991e+01   1.4397272896733716e+01   1.9511370429642184e+01   5.6662197117175506e+00   1.7376742477133104e+02   5.6433150005640961e+01
   7.3305526034415539e+02   4.5669646087613174e+00   2.4255554394521424e+00   4.6461429561986492e+01   1.4539492734930574e+01   1.9941837793367988e+01   6.0078979786955422e+00   1.7339058524811716e+02   5.5773448276230610e+01
   7.9490017748610489e+02   4.7772579683701553e+00   2.6161797808795262e+00   4.7595382864517759e+01   1.4701323193391339e+01   2.0399940108556319e+01   6.3903684425988345e+00   1.7366778941973794e+02   5.5286848583293896e+01
   8.6196270097126376e+02   4.9891575495846689e+00   2.8236261471325399e+00   4.8812325649890127e+01   1.4881807194664384e+01   2.0879951051834404e+01   6.8154582052770607e+00   1.7453697601915434e+02   5.4957838512517839e+01
   9.3468301921301600e+02   5.2016081913860477e+00   3.0486502906927022e+00   5.0113404221217792e+01   1.5079969479167007e+01   2.1376389547201022e+01   7.2847369942999034e+00   1.7594237564034486e+02   5.4771289352051305e+01
   1.0135384575466522e+03   5.4137143054038326e+00   3.2918837474286970e+00   5.1499886399376855e+01   1.5294897453091018e+01   2.1884245890334729e+01   7.7994482284284388e+00   1.7783508028296643e+02   5.4712894605849819e+01
   1.0990466113217497e+03   5.6247893842257879e+00   3.5538003735678907e+00   5.2973370265410374e+01   1.5525816501888253e+01   2.2399182808646568e+01   8.3604396840943931e+00   1.8017341139643443e+02   5.4769523510474357e+01
   1.1917687433209408e+03   5.8343883180068339e+00   3.8346815534742702e+00   5.4535866411960178e+01   1.5772146331893309e+01   2.2917686830646598e+01   8.9680929418703776e+00   1.8292293692631003e+02   5.4929469969211993e+01
   1.2923134678052122e+03   6.0423171889079885e+00   4.1345797518762311e+00   5.6189714091540274e+01   1.6033526607827508e+01   2.3437150506443906e+01   9.6222501075782105e+00   1.8605601985026371e+02   5.5182579369854579e+01
   1.4013407453672291e+03   6.2486177113340862e+00   4.4532801716534305e+00   5.7937312254193976e+01   1.6309803844641714e+01   2.3955874173728578e+01   1.0322136436583516e+01   1.8955083444989194e+02   5.5520242744797912e+01
   1.5195662148143570e+03   6.4535264550871894e+00   4.7902607769030325e+00   5.9780671577404782e+01   1.6600976522520991e+01   2.4472985539723815e+01   1.1066278680711193e+01   1.9338985376729943e+02   5.5935258091074878e+01
   1.6477658905151720e+03   6.6574119552985014e+00   5.1446518687899809e+00   6.1720819541638811e+01   1.6907100932179105e+01   2.4988284738984735e+01   1.1852421242104041e+01   1.9755788277410889e+02   5.6421570494869378e+01
   1.7867812560421839e+03   6.8606953877307735e+00   5.5151976723737075e+00   6.3757113934406121e+01   1.7228165595101604e+01   2.5502030480753639e+01   1.2677445319467518e+01   2.0203977783448605e+02   5.6973914274791277e+01
   1.9375247875446223e+03   7.0637624215129584e+00   5.9002238161098948e+00   6.5886538073900667e+01   1.7563946673512039e+01   2.6014688726008973e+01   1.3537299691306538e+01   2.0681804682782609e+02   5.7587390398189534e+01
   2.1009859431059526e+03   7.2668750294408575e+00   6.2976158833965963e+00   6.8103061484846961e+01   1.7913860171810107e+01   2.6526668833897034e+01   1.4426954926427699e+01   2.1187056015263062e+02   5.8257020080702020e+01
   2.2782376573993420e+03   7.4700923803963590e+00   6.7048150486627049e+00   7.0397151308638044e+01   1.8276828592746384e+01   2.7038073342904383e+01   1.5340394851377576e+01   2.1716861607770997e+02   5.8977320060460755e+01
   2.4704433842709873e+03   7.6732094108113467e+00   7.1188368264576853e+00   7.2755511453344610e+01   1.8651179714425076e+01   2.7548486552210182e+01   1.6270659229517022e+01   2.2267559049572964e+02   5.9741945760499483e+01
   2.6788647334778498e+03   7.8757202212375867e+00   7.5363178647733591e+00   7.5161108031810471e+01   1.9034592993195862e+01   2.8056823762075119e+01   1.7209949150330221e+01   2.2834635823511726e+02   6.0543444498384019e+01
   2.9048697517061387e+03   8.0768110601556575e+00   7.9535933586827197e+00   7.7593511596770895e+01   1.9424104620171846e+01   2.8561257289650385e+01   1.8149801274371200e+01   2.3412760065447227e+02   6.1373151308142816e+01
   3.1499419022259767e+03   8.2753844529986793e+00   8.3668041547993184e+00   8.0029551155516302e+01   1.9816175654287250e+01   2.9059227273281433e+01   1.9081329087672749e+01   2.3995901703528799e+02   6.2221244742781479e+01
   3.4156898021232669e+03   8.4701123187474590e+00   8.7720283887452339e+00   8.2444235932247338e+01   2.0206819610371376e+01   2.9547535385497731e+01   1.9995519673572865e+01   2.4577534626149509e+02   6.3076960417943752e+01
   3.7038577810226143e+03   8.6595122080446103e+00   9.1654282801817555e+00   8.4811864141603181e+01   2.0591777601771160e+01   3.0022509114697797e+01   2.0883564884518162e+01   2.5150899722687498e+02   6.3928938722522446e+01
   4.0163373306071394e+03   8.8420377462897459e+00   9.5433994108311886e+00   8.7107210345176114e+01   2.0966722154704488e+01   3.0480214999212794e+01   2.1737198258565545e+01   2.5709300118914513e+02   6.4765663894967872e+01
   4.3551795200880570e+03   9.0161725931530032e+00   9.9027082754769786e+00   8.9306670264587595e+01   2.1327466600825087e+01   3.0916692964786954e+01   2.2549005496960170e+01   2.6246395487710646e+02   6.5575938588948063e+01
   4.7226084591174304e+03   9.1805171329236845e+00   1.0240604634011781e+01   9.1389247592964864e+01   2.1670156481942392e+01   3.1328182111606502e+01   2.3312677959061737e+01   2.6756463015026492e+02   6.6349334129842859e+01
   5.1210358965126234e+03   9.3338587148166656e+00   1.0554898179442436e+01   9.3337290778352639e+01   2.1991422783225605e+01   3.1711311323703875e+01   2.4023185383113884e+01   2.7234598367078792e+02   6.7076562794753372e+01
   5.5530770506161807e+03   9.4752191964205270e+00   1.0843993683187570e+01   9.5136924208345036e+01   2.2288483242530095e+01   3.2063235167279956e+01   2.4676854568282494e+01   2.7676839583150343e+02   6.7749733054769237e+01
   6.0215677751994626e+03   9.6038771427328875e+00   1.1106884098475417e+01   9.6778160084049091e+01   2.2559185976618512e+01   3.2381704999354000e+01   2.5271352815073346e+01   2.8080208124129041e+02   6.8362468236630718e+01
   6.5295831735842967e+03   9.7193655437512074e+00   1.1343106012101416e+01   9.8254716252315532e+01   2.2801997512709288e+01   3.2665074924054537e+01   2.5805586058393775e+01   2.8442672043081956e+02   6.8909889104335051e+01
   7.0804577831631186e+03   9.8214487057386286e+00   1.1552665466534162e+01   9.9563594725923025e+01   2.3015943579652536e+01   3.2912250346614783e+01   2.6279529869457924e+01   2.8763044541929219e+02   6.9388477542015636e+01
   7.6778074628055701e+03   9.9100836856183534e+00   1.1735944080570739e+01   1.0070449207120976e+02   2.3200514868889474e+01   3.3122592221307031e+01   2.6694015831720282e+01   2.9040836021571187e+02   6.9795849420953061e+01
   8.3255531268174691e+03   9.9853722225448855e+00   1.1893595589521407e+01   1.0167911624369562e+02   2.3355551290770727e+01   3.3295792366491462e+01   2.7050496238156970e+01   2.9276079050778458e+02   7.0130469240452769e+01
   9.0279464812382430e+03   1.0047508770654270e+01   1.2026441772472024e+01   1.0249047745176898e+02   2.3481117459851088e+01   3.3431734853507770e+01   2.7350807444798832e+01   2.9469144144448313e+02   7.0391338149056068e+01
   9.7895979314058713e+03   1.0096729281282400e+01   1.2135374778359282e+01   1.0314220723895147e+02   2.3577379984228347e+01   3.3530356317878265e+01   2.7596947781915453e+01   2.9620560915144227e+02   7.0577682267824301e+01
   1.0615506843970716e+04   1.0133264169767498e+01   1.2221270650503113e+01   1.0363794427635206e+02   2.3644494396771641e+01   3.3591515043371125e+01   2.7790880908569434e+01   2.9730855138782999e+02   7.0688661843699222e+01
   1.1511094361993501e+04   1.0157297717311797e+01   1.2284916810382370e+01   1.0398081060093494e+02   2.3682506899354706e+01   3.3614875642824366e+01   2.7934370873022932e+01   2.9800408440278176e+02   7.0723115350157315e+01
   1.2482238988520601e+04   1.0168935188744159e+01   1.2326954659583627e+01   1.0417299026467882e+02   2.3691273919477077e+01   3.3599813653805548e+01   2.8028851509331332e+01   2.9829344222629265e+02   7.0679347366703567e+01
   1.3535315172202369e+04   1.0168178278660525e+01   1.2347837398813141e+01   1.0421541444015388e+02   2.3670400999124411e+01   3.3545342655219194e+01   2.8075330397427418e+01   2.9817441382679146e+02   7.0554965470895908e+01
   1.4677235148224379e+04   1.0154909137668746e+01   1.2347802627897957e+01   1.0410755291109545e+02   2.3619201763434837e+01   3.3450065637051637e+01   2.8074326402250986e+01   2.9764076279834671e+02   7.0346769550850880e+01
   1.5915494309189535e+04   1.0128883130102345e+01   1.2326859187109719e+01   1.0384731092070867e+02   2.3536677543580140e+01   3.3312152202949633e+01   2.8025839574475349e+01   2.9668193187810544e+02   7.0050696641621926e+01
