f k11 k12 k13 k14 k21 k22 k23 k24
   1.5915494309189536e-03   8.2737452658367161e+00   9.2816016636636185e+00   3.1321630670010460e+01   3.2810817619711308e+01   2.0356696150652844e+01   1.9353235712803990e+01   1.9746352811210222e+01   1.9280926074432870e+01
   1.7258220403758289e-03   8.2737229435299628e+00   9.2815545443874967e+00   3.1320451905116627e+01   3.2809625367732309e+01   2.0356462468139952e+01   1.9353018761926702e+01   1.9746244358776575e+01   1.9280779694633353e+01
   1.8714226885980156e-03   8.2736966893594470e+00   9.2814991343770394e+00   3.1319065997310375e+01   3.2808223601661943e+01   2.0356187706199151e+01   1.9352763673447395e+01   1.9746116825467585e+01   1.9280607573091359e+01
   2.0293070765493009e-03   8.2736658094260029e+00   9.2814339738644698e+00   3.1317436575040741e+01   3.2806575533176712e+01   2.0355864646208879e+01   1.9352463745900700e+01   1.9745966852265788e+01   1.9280405182783010e+01
   2.2005115338310640e-03   8.2736294868605054e+00   9.2813573456777991e+00   3.1315520891642848e+01   3.2804637925625663e+01   2.0355484802135670e+01   1.9352111101288948e+01   1.9745790488076974e+01   1.9280167200476821e+01
   2.3861598209953820e-03   8.2735867598379986e+00   9.2812672297077441e+00   3.1313268712224122e+01   3.2802359968070860e+01   2.0355038198417020e+01   1.9351696478922133e+01   1.9745583085082160e+01   1.9279887366670966e+01
   2.5874705057418843e-03   8.2735364955878783e+00   9.2811612492654287e+00   3.1310621007842208e+01   3.2799681954371792e+01   2.0354513109073551e+01   1.9351208993284530e+01   1.9745339175484698e+01   1.9279558320882060e+01
   2.8057649614145947e-03   8.2734773596440903e+00   9.2810366078662838e+00   3.1307508424242005e+01   3.2796533734189381e+01   2.0353895751343519e+01   1.9350635849708791e+01   1.9745052326304858e+01   1.9279171407944339e+01
   3.0424760402997025e-03   8.2734077794258454e+00   9.2808900147031039e+00   3.1303849487100315e+01   3.2792832897400643e+01   2.0353169925994059e+01   1.9349962010585095e+01   1.9744714968255554e+01   1.9278716450211881e+01
   3.2991574786545171e-03   8.2733259010533402e+00   9.2807175967461539e+00   3.1299548499641599e+01   3.2788482647250198e+01   2.0352316595142646e+01   1.9349169803610447e+01   1.9744318193997078e+01   1.9278181479656062e+01
   3.5774940952007770e-03   8.2732295380722665e+00   9.2805147950175897e+00   3.1294493081556851e+01   3.2783369310541936e+01   2.0351313386888986e+01   1.9348238462166002e+01   1.9743851520185984e+01   1.9277552422788673e+01
   3.8793128500237521e-03   8.2731161104773534e+00   9.2802762421193670e+00   3.1288551290323532e+01   3.2777359425235005e+01   2.0350134014287363e+01   1.9347143586274516e+01   1.9743302606679059e+01   1.9276812730093706e+01
   4.2065948364660589e-03   8.2729825720719639e+00   9.2799956175281633e+00   3.1281568257238558e+01   3.2770296336897033e+01   2.0348747594146545e+01   1.9345856510704618e+01   1.9742656924982366e+01   1.9275942940180187e+01
   4.5614882847292287e-03   8.2728253237605553e+00   9.2796654764880913e+00   3.1273362260736903e+01   3.2761996225585392e+01   2.0347117848801123e+01   1.9344343564628758e+01   1.9741897366508184e+01   1.9274920167138799e+01
   4.9463226625367212e-03   8.2726401098183029e+00   9.2792770475040385e+00   3.1263720148915674e+01   3.2752243473909246e+01   2.0345202171320736e+01   1.9342565204776385e+01   1.9741003779354653e+01   1.9273717497548912e+01
   5.3636239654130018e-03   8.2724218934860900e+00   9.2788199924302646e+00   3.1252392011757713e+01   3.2740785275405351e+01   2.0342950531581280e+01   1.9340475001228643e+01   1.9739952420084418e+01   1.9272303281186570e+01
   5.8161312969418795e-03   8.2721647073575753e+00   9.2782821219195082e+00   3.1239084991603402e+01   3.2727325370198912e+01   2.0340304197192946e+01   1.9338018451855969e+01   1.9738715304259074e+01   1.9270640296664052e+01
   6.3068148478343401e-03   8.2718614729054938e+00   9.2776490574915318e+00   3.1223456108404172e+01   3.2711516782648339e+01   2.0337194239446276e+01   1.9335131597895000e+01   1.9737259436168397e+01   1.9268684769918888e+01
   6.8388953918178978e-03   8.2715037820665884e+00   9.2769038296307436e+00   3.1205103964900520e+01   3.2692953423996705e+01   2.0333539790202838e+01   1.9331739409302738e+01   1.9735545894142273e+01   1.9266385219575199e+01
   7.4158654263155313e-03   8.2710816319801204e+00   9.2760263990455680e+00   3.1183559187172495e+01   3.2671160413027614e+01   2.0329246011048550e+01   1.9327753904346036e+01   1.9733528742865946e+01   1.9263681098634532e+01
   8.0415120966784263e-03   8.2705831016406357e+00   9.2749930854146001e+00   3.1158273449564057e+01   3.2645582960904505e+01   2.0324201731108470e+01   1.9323071963453788e+01   1.9731153738029057e+01   1.9260501196606064e+01
   8.7199420544439212e-03   8.2699939562376414e+00   9.2737758844773790e+00   3.1128606932007418e+01   3.2615573664977006e+01   2.0318276704818388e+01   1.9317572792800057e+01   1.9728356781155174e+01   1.9256761759946947e+01
   9.4556084127843526e-03   8.2692971611362278e+00   9.2723416500506186e+00   3.1093814065371586e+01   3.2580378063463407e+01   2.0311318435853106e+01   1.9311114988601744e+01   1.9725062073275026e+01   1.9252364281431877e+01
   1.0253339976078529e-02   8.2684722825872257e+00   9.2706511122813282e+00   3.1053027440862529e+01   3.2539118322790571e+01   2.0303148508639946e+01   1.9303533149008768e+01   1.9721179904853173e+01   1.9247192900698266e+01
   1.1118372935464306e-02   8.2674947460883708e+00   9.2686576969861374e+00   3.1005239798387638e+01   3.2490774967664585e+01   2.0293558364890202e+01   1.9294633977187047e+01   1.9716604005648659e+01   1.9241111348630756e+01
   1.2056385238417091e-02   8.2663349155639700e+00   9.2663061030543599e+00   3.0949284073592867e+01   3.2434166628068205e+01   2.0282304460014149e+01   1.9284191817379170e+01   1.9711208361556196e+01   1.9233959357424947e+01
   1.3073533857951267e-02   8.2649569468889048e+00   9.2635305854061478e+00   3.0883811583484597e+01   3.2367927876823927e+01   2.0269102734052275e+01   1.9271943566251661e+01   1.9704843385534584e+01   1.9225548446176219e+01
   1.4176495206073746e-02   8.2633173574832135e+00   9.2602528797470463e+00   3.0807268577955277e+01   3.2290485377879939e+01   2.0253622335083971e+01   1.9257582905881762e+01   1.9697331306216874e+01   1.9215656978930131e+01
   1.5372508956757774e-02   8.2613632395737717e+00   9.2563796923261688e+00   3.0717871593226970e+01   3.2200032773111339e+01   2.0235478541582250e+01   1.9240753813843792e+01   1.9688460610716913e+01   1.9204024378859099e+01
   1.6669425566084355e-02   8.2590300283152445e+00   9.2517996633257447e+00   3.0613582329217621e+01   3.2094505020096442e+01   2.0214224845959926e+01   1.9221043322010388e+01   1.9677979348072025e+01   1.9190344369636577e+01
   1.8075757801466408e-02   8.2562387177624252e+00   9.2463796970705978e+00   3.0492083152911505e+01   3.1971553271679046e+01   2.0189344187200767e+01   1.9197973521328404e+01   1.9665587068201766e+01   1.9174257104938654e+01
   1.9600736618185902e-02   8.2528923988873562e+00   9.2399605373694289e+00   3.0350754819368184e+01   3.1828521875325226e+01   2.0160239359149795e+01   1.9170992847901701e+01   1.9650925141290532e+01   1.9155340042193551e+01
   2.1254371750009073e-02   8.2488719767750478e+00   9.2323514545359977e+00   3.0186658611126798e+01   3.1662429676073458e+01   2.0126222676404648e+01   1.9139466739556863e+01   1.9633565179554179e+01   1.9133097421679999e+01
   2.3047517411587677e-02   8.2440309128283129e+00   9.2233239061810366e+00   2.9996525824177827e+01   3.1469958529473661e+01   2.0086505055829676e+01   1.9102667825287519e+01   1.9612995276307007e+01   1.9106948233473865e+01
   2.4991943543906929e-02   8.2381888386197719e+00   9.2126040431540641e+00   2.9776758352899524e+01   3.1247452748111613e+01   2.0040184772597733e+01   1.9059765906106449e+01   1.9588603799670658e+01   1.9076212602020416e+01
   2.7100413070424677e-02   8.2311239102842464e+00   9.1998639643311471e+00   2.9523444993986924e+01   3.0990934062772606e+01   1.9986236279027874e+01   1.9009818107856344e+01   1.9559660549654122e+01   1.9040096604169971e+01
   2.9386765670999633e-02   8.2225638288183109e+00   9.1847116918089888e+00   2.9232398901264290e+01   3.0696137476702262e+01   1.9923499634875714e+01   1.8951759736134679e+01   1.9525295233908295e+01   1.8997675677989985e+01
   3.1866008623488103e-02   8.2121755583972984e+00   9.1666799570646713e+00   2.8899222220658238e+01   3.0358573968874079e+01   1.9850671289611860e+01   1.8884396540180301e+01   1.9484473471801753e+01   1.8947876996473141e+01
   3.4554415309280155e-02   8.1995539498664094e+00   9.1452140761434855e+00   2.8519404090282503e+01   2.9973626131550972e+01   1.9766297177858380e+01   1.8806399292631902e+01   1.9435970934841212e+01   1.8889461493726827e+01
   3.7469632029350677e-02   8.1842097367243909e+00   9.1196594640270785e+00   2.8088457612134167e+01   2.9536682216366692e+01   1.9668769331370942e+01   1.8716301807541946e+01   1.9378346807381011e+01   1.8821006659967942e+01
   4.0630793831950091e-02   8.1655577260259182e+00   9.0892497042399292e+00   2.7602099757697992e+01   2.9043312382050672e+01   1.9556327461993519e+01   1.8612503736851899e+01   1.9309918524184980e+01   1.8740891774288315e+01
   4.4058650112210385e-02   8.1429064509237321e+00   9.0530965435246724e+00   2.7056475148361699e+01   2.8489487879808497e+01   1.9427067210387637e+01   1.8493279686942380e+01   1.9228740698124287e+01   1.8647287908475757e+01
   4.7775700808083625e-02   8.1154510530629445e+00   9.0101836914759570e+00   2.6448420060904855e+01   2.7871839297791009e+01   1.9278956957707745e+01   1.8356796356880992e+01   1.9132592225892022e+01   1.8538155764195135e+01
   5.1806344086582599e-02   8.0822716533276679e+00   8.9593668038735519e+00   2.5775756908722098e+01   2.7187943891604540e+01   1.9109865224880984e+01   1.8201139486468673e+01   1.9018976610644675e+01   1.8411255103436648e+01
   5.6177036489714408e-02   8.0423398386038922e+00   8.8993824068846781e+00   2.5037602292997367e+01   2.6436624929904529e+01   1.8917600687538215e+01   1.8024352373678465e+01   1.8885141338886402e+01   1.8264170043316245e+01
   6.0916466591280749e-02   7.9945359948218249e+00   8.8288686309274702e+00   2.4234664441671004e+01   2.5618238849275588e+01   1.8699966648302720e+01   1.7824487522934721e+01   1.8728122387119882e+01   1.8094354599617230e+01
   6.6055743304402392e-02   7.9376798941071716e+00   8.7464003047298924e+00   2.3369499855130183e+01   2.4734920267622144e+01   1.8454831346087769e+01   1.7599672545464415e+01   1.8544819268074541e+01   1.7899202333956243e+01
   7.1628600075790541e-02   7.8705760651666958e+00   8.6505400707660556e+00   2.2446695910448209e+01   2.3790752224191706e+01   1.8180214638952382e+01   1.7348190659486281e+01   1.8332104157125823e+01   1.7676142557644770e+01
   7.7671616307065316e-02   7.7920739887995891e+00   8.5399056552161579e+00   2.1472947558508917e+01   2.2791830912260167e+01   1.7874390262448525e+01   1.7068574932041201e+01   1.8086965420078059e+01   1.7422763130100588e+01
   8.4224457456498619e-02   7.7011411399421013e+00   8.4132513168200216e+00   2.0457002957230678e+01   2.1746201486606626e+01   1.7536000960856121e+01   1.6759713690715760e+01   1.7806681409839914e+01   1.7136956492610103e+01
   9.1330135397172996e-02   7.5969445727261622e+00   8.2695590262455383e+00   1.9409464710966869e+01   2.0663653973922980e+01   1.7164181332060519e+01   1.6420962320140209e+01   1.7489015162835905e+01   1.6817081475589326e+01
   9.9035290740508750e-02   7.4789344851839834e+00   8.1081324634505165e+00   1.8342448860700934e+01   1.9555384300502048e+01   1.6758680412101487e+01   1.6052254111288544e+01   1.7132415389566241e+01   1.6462129160636799e+01
   1.0739049897828891e-01   7.3469214588956211e+00   7.9286849448984640e+00   1.7269120387398907e+01   1.8433542329563515e+01   1.6319973285332193e+01   1.5654200337955961e+01   1.6736204934276870e+01   1.6071877456152009e+01
   1.1645060245265286e-01   7.2011382916370792e+00   7.7314114023573586e+00   1.6203138817325041e+01   1.7310703491930465e+01   1.5849349006979271e+01   1.5228167901423623e+01   1.6300735737574591e+01   1.5647016961004676e+01
   1.2627507033305965e-01   7.0422778585553596e+00   7.5170349276799584e+00   1.5158057962868495e+01   1.6199310389393968e+01   1.5348961649400270e+01   1.4776322433780166e+01   1.5827490131013066e+01   1.5189230963232372e+01
   1.3692838896305690e-01   6.8715003667930494e+00   7.2868203521745860e+00   1.4146728303989704e+01   1.5111133982543940e+01   1.4821832996626197e+01   1.4301626304596917e+01   1.5319112422175975e+01   1.4701215536603298e+01
   1.4848048513903292e-01   6.6904065484420432e+00   7.0425507144776338e+00   1.3180748733402238e+01   1.4056800337429143e+01   1.4271799571646236e+01   1.3807784785201184e+01   1.4779361931323107e+01   1.4186631584881916e+01
   1.6100718509929063e-01   6.5009773189772737e+00   6.7864668195199975e+00   1.2270007295229629e+01   1.3045419371233335e+01   1.3703402912306204e+01   1.3299139355771921e+01   1.4212987929307815e+01   1.3649988593373255e+01
   1.7459071223617978e-01   6.3054845443649974e+00   6.5211746613008303e+00   1.1422339911964631e+01   1.2084338495783163e+01   1.3121729274767455e+01   1.2780513841131436e+01   1.3625536718798166e+01   1.3096468430024288e+01
   1.8932022679819402e-01   6.1063810624771540e+00   6.2495294166205131e+00   1.0643323970425037e+01   1.1179028845960977e+01   1.2532211759019383e+01   1.2257025368833729e+01   1.3023109557833486e+01   1.2531705136296813e+01
   2.0529241112456026e-01   5.9061803528235481e+00   5.9745072633066281e+00   9.9362118074981076e+00   1.0333097237062473e+01   1.1940412728886953e+01   1.1733876681644444e+01   1.2412095623404060e+01   1.1961541739340964e+01
   2.2261210425370961e-01   5.7073368799848616e+00   5.6990769955631349e+00   9.3019986914121997e+00   9.5484050948055472e+00   1.1351806306008747e+01   1.1216148150257945e+01   1.1798905795889487e+01   1.1391786755753786e+01
   2.4139299007110626e-01   5.5121371554287517e+00   5.4260822912967086e+00   8.7396110895659405e+00   8.8252676787323026e+00   1.0771579388890554e+01   1.0708606676469621e+01   1.1189730674836174e+01   1.0827991135766210e+01
   2.6175834351333677e-01   5.3226093164899089e+00   5.1581429298245363e+00   8.2461935395573711e+00   8.1627035115008670e+00   1.0204465621567454e+01   1.0215545048334507e+01   1.0590340749692027e+01   1.0275261627164515e+01
   2.8384183972642707e-01   5.1404560706524380e+00   4.8975799225038275e+00   7.8174660512673757e+00   7.5587047654029806e+00   9.6546211128138086e+00   9.7406602223597076e+00   1.0005939444401887e+01   9.7381201748227451e+00
   3.0778843148958801e-01   4.9670127978881213e+00   4.6463661174664850e+00   7.4481191184843212e+00   7.0105035256847898e+00   9.1255447677331887e+00   9.2869736397637368e+00   9.4410723499990450e+00   9.2204124040891919e+00
   3.3375530066366299e-01   4.8032299316369187e+00   4.4061009559621604e+00   7.1322113691832261e+00   6.5148150590027276e+00   8.6200409353306178e+00   8.8567920309854120e+00   8.8995895935004565e+00   8.7252626175849723e+00
   3.6191288990944492e-01   4.6496767432374151e+00   4.1780060367537066e+00   6.8635370300821128e+00   6.0680461239193368e+00   8.1402183834494668e+00   8.4517038324234601e+00   8.3846536944228660e+00   8.2550687615351279e+00
   3.9244602144791174e-01   4.5065624282221375e+00   3.9629370778579456e+00   6.6359371840738701e+00   5.6664628443436182e+00   7.6875176095965108e+00   8.0726045062335032e+00   7.8987826214941093e+00   7.8115286912819508e+00
   4.2555511020574815e-01   4.3737698778569278e+00   3.7614076432945249e+00   6.4435391289280783e+00   5.3063179738712529e+00   7.2627580310228881e+00   7.7197435462252031e+00   7.4439168502918696e+00   7.3956885947369946e+00
   4.6145747930906977e-01   4.2508975751446423e+00   3.5736204032363954e+00   6.2809195934629480e+00   4.9839411597698007e+00   6.8661972947945955e+00   7.3927864028707546e+00   7.0214995742831015e+00   7.0080051970708652e+00
   5.0038878656004560e-01   4.1373055174225319e+00   3.3995024626947243e+00   6.1431975088373170e+00   4.6957980589536445e+00   6.4975963593164847e+00   7.0908855539417024e+00   6.6325603263449766e+00   6.6484148798088691e+00
   5.4260457125960215e-01   4.0321617865625647e+00   3.2387421958857670e+00   6.0260686963354857e+00   4.4385250796452427e+00   6.1562857083412998e+00   6.8127561321953918e+00   6.2777937052930168e+00   6.3164046565863110e+00
   5.8838193152932949e-01   3.9344872379724154e+00   3.0908258871103240e+00   5.9257977593424425e+00   4.2089464464778290e+00   5.8412297448722823e+00   6.5567526622031203e+00   5.9576264225281079e+00   6.0110817141149155e+00
   6.3802134314226500e-01   3.8431966626653074e+00   2.9550731968955084e+00   5.8391822826198903e+00   4.0040795574167980e+00   5.5510878624977487e+00   6.3209444413627427e+00   5.6722674339926691e+00   5.7312397290795154e+00
   6.9184863180110878e-01   3.7571356153269901e+00   2.8306709975137960e+00   5.7635022886639860e+00   3.8211335238502047e+00   5.2842717927044855e+00   6.1031879060103256e+00   5.4217376213758000e+00   5.4754212989229094e+00
   7.5021711180959050e-01   3.6751128348459177e+00   2.7167054553933601e+00   5.6964649063455504e+00   3.6575046013444679e+00   5.0389995460595527e+00   5.9011949834109645e+00   5.2058775507920485e+00   5.2419765543064578e+00
   8.1350990517492794e-01   3.5959287654900942e+00   2.6121924108220305e+00   5.6361511884019810e+00   3.5107710968966663e+00   4.8133466282500263e+00   5.7125969827193526e+00   5.0243344488421053e+00   5.0291183936574697e+00
   8.8214245636360422e-01   3.5184010827375056e+00   2.5161061631115191e+00   5.5809694147711921e+00   3.3786893800458753e+00   4.6052952806617311e+00   5.5350040380989762e+00   4.8765326656605286e+00   4.8349748731299886e+00
   9.5656525921695146e-01   3.4413883151802591e+00   2.4274067562534993e+00   5.5296171803937852e+00   3.2591918715902124e+00   4.4127823476614791e+00   5.3660604652777177e+00   4.7616351443499436e+00   4.6576391894562956e+00
   1.0372668139256183e+00   3.3638126214947000e+00   2.3450658082413205e+00   5.4810530466783804e+00   3.1503873288447304e+00   4.2337460858818616e+00   5.2034965802511737e+00   4.6785059973950869e+00   4.4952174922753336e+00
   1.1247768334720383e+00   3.2846825303063292e+00   2.2680908521741237e+00   5.4344774136301215e+00   3.0505633512633366e+00   4.0661718670992233e+00   5.0451774981102062e+00   4.6256852467603267e+00   4.3458745185253900e+00
   1.2196697205875389e+00   3.2031159991670655e+00   2.1955480604065634e+00   5.3893214183029574e+00   2.9581907401582077e+00   3.9081363288249698e+00   4.8891491416215107e+00   4.6013854431070467e+00   4.2078767893026630e+00
   1.3225683380462934e+00   3.1183635399757028e+00   2.1265831001346789e+00   5.3452419987605477e+00   2.8719291095574668e+00   3.7578491238922833e+00   4.7336811486615540e+00   4.6035163085090485e+00   4.0796328625681086e+00
   1.4341480970437761e+00   3.0298304681521442e+00   2.0604397212594070e+00   5.3021207567430828e+00   2.7906329298768893e+00   3.6136910386283061e+00   4.5773056449720464e+00   4.6297386772933589e+00   3.9597298988761986e+00
   1.5551413904952365e+00   2.9370966739986275e+00   1.9964755214167804e+00   5.2600639450456583e+00   2.7133569899839314e+00   3.4742469280155270e+00   4.4188500843830019e+00   4.6775442586407125e+00   3.8469655861006027e+00
   1.6863424003536740e+00   2.8399318270375189e+00   1.9341742030965663e+00   5.2194008797241818e+00   2.6393601154171900e+00   3.3383317157360999e+00   4.2574617484178718e+00   4.7443543431714525e+00   3.7403743166726939e+00
   1.8286123105018732e+00   2.7383037512071149e+00   1.8731535807853763e+00   5.1806784222078948e+00   2.5681059314187626e+00   3.2050077020073409e+00   4.0926212531187875e+00   4.8276290497181114e+00   3.6392464698838802e+00
   1.9828849594351112e+00   2.6323779585241653e+00   1.8131686581422315e+00   5.1446499391220213e+00   2.4992595622991907e+00   3.0735916804634846e+00   3.9241427024501925e+00   4.9249788301562782e+00   3.5431397806188434e+00
   2.1501729698379122e+00   2.5225070302192933e+00   1.7541093042256153e+00   5.1122582847709266e+00   2.4326794473920623e+00   2.9436509172790193e+00   3.7521590181283284e+00   5.0342710944726914e+00   3.4518821162923610e+00
   2.3315743952885053e+00   2.4092096078402170e+00   1.6959924091832304e+00   5.0846137047258990e+00   2.3684039249392539e+00   2.8149878582189545e+00   3.5770923789219440e+00   5.1537263965669116e+00   3.3655655396453898e+00
   2.5282799277189110e+00   2.2931400158872948e+00   1.6389488518549671e+00   5.0629688732486624e+00   2.3066328408753916e+00   2.6876143991805908e+00   3.3996113827267962e+00   5.2820003120063976e+00   3.2845322611098613e+00
   2.7415807129394136e+00   2.1750507295084307e+00   1.5832060932325938e+00   5.0486942624711100e+00   2.2477050951803852e+00   2.5617175289415659e+00   3.2205781708166872e+00   5.4182488611386130e+00   3.2093538905624226e+00
   2.9728768255273010e+00   2.0557507765850103e+00   1.5290676377457595e+00   5.0432574640476258e+00   2.1920736425281819e+00   2.4376189642855217e+00   3.0409899923189161e+00   5.5621770866573854e+00   3.1408061683560380e+00
   3.2236864587078036e+00   1.9360635510560089e+00   1.4768909053198480e+00   5.0482098504472548e+00   2.1402799215450061e+00   2.3157319175122644e+00   2.8619203015107981e+00   5.7140721341585134e+00   3.0798419740391836e+00
   3.4956558895482686e+00   1.8167873660032641e+00   1.4270651838070889e+00   5.0651831561720693e+00   2.0929299311269811e+00   2.1965183040405232e+00   2.6844643963394970e+00   5.8748237712909885e+00   3.0275657893605721e+00
   3.7905702848755478e+00   1.6986614724936440e+00   1.3799912710035243e+00   5.0958974136469752e+00   2.0506741766000376e+00   2.0804495345451688e+00   2.5096939198377952e+00   6.0459365466624266e+00   2.9852128874061612e+00
   4.1103654188451237e+00   1.5823393885694714e+00   1.3360641887367986e+00   5.1421805041126145e+00   2.0141934906145100e+00   1.9679736348524941e+00   2.3386234792683847e+00   6.2295386142867022e+00   2.9541363451310554e+00
   4.4571403790742714e+00   1.4683704343290997e+00   1.2956600043873114e+00   5.2059986718284792e+00   1.9841923501818912e+00   1.8594909385593903e+00   2.1721914652771819e+00   6.4283926214919163e+00   2.9358045993914148e+00
   4.8331713447404461e+00   1.3571895510344398e+00   1.2591273868478421e+00   5.2894968996643339e+00   1.9614008468473936e+00   1.7553401630096663e+00   2.0112561267102871e+00   6.6459140844480524e+00   2.9318117960084886e+00
   5.2409265270823431e+00   1.2491149483487998e+00   1.2267841139167122e+00   5.3950481321857229e+00   1.9465860195245068e+00   1.6557964658871789e+00   1.8566072483079012e+00   6.8862025516645851e+00   2.9439027482272131e+00
   5.6830823703707170e+00   1.1443529880429300e+00   1.1989183855127667e+00   5.5253109225114088e+00   1.9405729242574690e+00   1.5610832232792051e+00   1.7089934422554374e+00   7.1540908237541032e+00   2.9740140549948322e+00
   6.1625411196898936e+00   1.0430100880144273e+00   1.1757945132332319e+00   5.6832960568901685e+00   1.9442756710464173e+00   1.4713998717753183e+00   1.5691649943169912e+00   7.4552178139210969e+00   3.0243329417639062e+00
   6.6824498708420839e+00   9.4511251277382757e-01   1.1576623624558660e+00   5.8724439177716832e+00   1.9587387581417550e+00   1.3869692573998287e+00   1.4379320485388067e+00   7.7961315698807674e+00   3.0973757621731637e+00
   7.2462212274154325e+00   8.5063714293934223e-01   1.1447698090971126e+00   6.0967155969795463e+00   1.9851894017441098e+00   1.3081094356711551e+00   1.3162368863761886e+00   8.1844308704048512e+00   3.1960889038208307e+00
   7.8575557006055572e+00   7.5956069230927670e-01   1.1373774106513865e+00   6.3607018392341601e+00   2.0251021829981237e+00   1.2353363226078491e+00   1.2052356170681624e+00   8.6289571767640467e+00   3.3239761406841537e+00
   8.5204659988197111e+00   6.7194364859710543e-01   1.1357744297950882e+00   6.6697544561545605e+00   2.0802781612043413e+00   1.1695037080293500e+00   1.1063761463655311e+00   9.1400544874355631e+00   3.4852583600904214e+00
   9.2393033664970279e+00   5.8808351427964967e-01   1.1402952063044725e+00   7.0301443437796909e+00   2.1529415093106246e+00   1.1119827961748097e+00   1.0214427335655294e+00   9.7299245586210183e+00   3.6850742101569844e+00
   1.0018786145028722e+01   5.0881008011679130e-01   1.1513345124099974e+00   7.4492476131355501e+00   2.2458574538315990e+00   1.0648684787188318e+00   9.5251305746061210e-01   1.0413122314862505e+01   3.9297337870545044e+00
   1.0864030743248113e+01   4.3606805051237235e-01   1.1693597137104108e+00   7.9357545665706661e+00   2.3624752941867246e+00   1.0311653173913577e+00   9.0175560100103358e-01   1.1207267254143964e+01   4.2270423016084688e+00
   1.1780585220775952e+01   3.7401250777361045e-01   1.1949158862353479e+00   8.4998813765895722e+00   2.5070983748455662e+00   1.0148503998333402e+00   8.7102293782805151e-01   1.2134102550264771e+01   4.5867170052438855e+00
   1.2774465704657215e+01   3.3057149576858547e-01   1.2286168122910741e+00   9.1535338592052522e+00   2.6850766893202502e+00   1.0206624998858889e+00   8.6131445628552972e-01   1.3221134361227175e+01   5.0209284862641370e+00
   1.3852195878322835e+01   3.1749008566535181e-01   1.2711088396497521e+00   9.9103129991051624e+00   2.9030025063331113e+00   1.0535134789381668e+00   8.7235100655445963e-01   1.4504262610037037e+01   5.5450056737437805e+00
   1.5020849802075761e+01   3.4436528026927349e-01   1.3229842060521761e+00   1.0785139571187667e+01   3.1688558863630614e+00   1.1176380917232265e+00   9.0255247938901295e-01   1.6032117999587150e+01   6.1783485378944425e+00
   1.6288098346169015e+01   4.1097404776118007e-01   1.3846035856813856e+00   1.1793076011899617e+01   3.4919793221366375e+00   1.2158798686099614e+00   9.4953574244193661e-01   1.7873287701652124e+01   6.9455829047342288e+00
   1.7662259541255214e+01   5.1038937834412079e-01   1.4557639883868436e+00   1.2946605065449907e+01   3.8826363965025927e+00   1.3495632596301907e+00   1.0110613084473807e+00   2.0128178577086651e+01   7.8779442629679703e+00
   1.9152353176700533e+01   6.3602911530723871e-01   1.5351261261846658e+00   1.4250219893158365e+01   4.3507131016107747e+00   1.5192325531450248e+00   1.0864339736690716e+00   2.2947466839919311e+01   9.0147500313617659e+00
   2.0768160005138377e+01   7.8298414271302641e-01   1.6193302571399166e+00   1.5690988240406028e+01   4.9029056005790324e+00   1.7266461182923110e+00   1.1786379740838144e+00   2.6557451946430575e+01   1.0404572563212199e+01
   2.2520285941872707e+01   9.4587794103440304e-01   1.7018742628967176e+00   1.7224760589220658e+01   5.5377908595922758e+00   1.9791118639559053e+00   1.2974541882986126e+00   3.1286350870428016e+01   1.2105440781280642e+01
   2.4420231680525823e+01   1.1162051420477297e+00   1.7722504334152653e+00   1.8761877792700822e+01   6.2392465176808249e+00   2.2977541418869971e+00   1.4625526238487307e+00   3.7573271944093499e+01   1.4183611616212900e+01
   2.6480468181878059e+01   1.2806286590150240e+00   1.8165274715452495e+00   2.0164798795269625e+01   6.9716870538963533e+00   2.7289184912964584e+00   1.7027716602267235e+00   4.5933781339577195e+01   1.6712441341523046e+01
   2.8714518531396621e+01   1.4219657999750024e+00   1.8207643917860019e+00   2.1276541012087485e+01   7.6843060316168517e+00   3.3501703944644792e+00   2.0475753146228586e+00   5.6882243009583334e+01   1.9777352112747035e+01
   3.1137046702753675e+01   1.5238805659155301e+00   1.7768143870495585e+00   2.1984503801717008e+01   8.3295266252433464e+00   4.2589894971041788e+00   2.5154243087179813e+00   7.0881214890436084e+01   2.3495688533961232e+01
   3.3763953809965145e+01   1.5769214077010107e+00   1.6866264334787706e+00   2.2284324271787330e+01   8.8878919925881039e+00   5.5527384977912915e+00   3.1120033532265383e+00   8.8421795897546289e+01   2.8053184043706114e+01
   3.6612482479934059e+01   1.5809329677554123e+00   1.5608531572391768e+00   2.2290983897472433e+01   9.3804774026551065e+00   7.3291389762914312e+00   3.8418203511617421e+00   1.1024714445038333e+02   3.3746210407892441e+01
   3.9701330030485103e+01   1.5418510015953908e+00   1.4126759569259253e+00   2.2191077711035881e+01   9.8600224294397734e+00   9.7152270952728923e+00   4.7229739794489740e+00   1.3761598586328969e+02   4.1020698235538127e+01
   4.3050771196772907e+01   1.4660470935495395e+00   1.2516452201836652e+00   2.2182057013210567e+01   1.0391049930007203e+01   1.2906351160174898e+01   5.7961751053084756e+00   1.7251595481435569e+02   5.0511657998833996e+01
   4.6682791211623368e+01   1.3563262907709235e+00   1.0803394533182984e+00   2.2433239588732889e+01   1.1030076604075887e+01   1.7198321647327049e+01   7.1260019974825779e+00   2.1777338853123408e+02   6.3076357935971032e+01
   5.0621230113326831e+01   1.2124909843450593e+00   8.9318887308554662e-01   2.3055910952300415e+01   1.1800143010141371e+01   2.2986988429500457e+01   8.7885970346985047e+00   2.7679078967602879e+02   7.9735242445254528e+01
   5.4891939228097343e+01   1.0442634299254918e+00   6.7667185229529658e-01   2.4027667897639972e+01   1.2633059717892293e+01   3.0635358484857164e+01   1.0817456774628695e+01   3.5183711646670179e+02   1.0120156120182784e+02
   5.9522950854326901e+01   9.2071244355027859e-01   4.1510380524323021e-01   2.5003124059873240e+01   1.3250739903699936e+01   3.9947503467477098e+01   1.3045385284770667e+01   4.3843467596987028e+02   1.2627795707340465e+02
   6.4544662262416296e+01   1.0086912628087998e+00   1.1967932557606618e-01   2.5145316037731448e+01   1.3095756236695895e+01   4.9166939969370638e+01   1.4875945363179934e+01   5.1618179290350201e+02   1.4917164177426091e+02
   6.9990035217928806e+01   1.3157791883725483e+00   2.0208270574537190e-01   2.3676455908523970e+01   1.1737492114261217e+01   5.5193278229379182e+01   1.5506165681568579e+01   5.5435344164368075e+02   1.6097939387522356e+02
   7.5894812337709354e+01   1.6340814181085168e+00   4.2233246062992025e-01   2.0981438033538346e+01   9.5310287085465131e+00   5.6743468191388054e+01   1.4842501639291672e+01   5.4496668326160716e+02   1.5919040020990084e+02
   8.2297751699096281e+01   1.8636002460899730e+00   5.5718163745117921e-01   1.8162150001914934e+01   7.2327844227581055e+00   5.5493030521320357e+01   1.3557922999254599e+01   5.0914828668255797e+02   1.4972164905041348e+02
   8.9240881242167589e+01   2.0187393499398603e+00   6.2956056292133211e-01   1.5859179003281088e+01   5.2583232026991498e+00   5.3438789080841183e+01   1.2240630144485186e+01   4.6785902002517685e+02   1.3856910436623855e+02
   9.6769774634877606e+01   2.1341232480715484e+00   6.6695002850963681e-01   1.4166765712570022e+01   3.6748922445092438e+00   5.1561113868743817e+01   1.1120719738934532e+01   4.3024528515032790e+02   1.2837761212069930e+02
   1.0493385041182417e+02   2.2332246609256514e+00   6.8706962972466390e-01   1.2972923945103915e+01   2.4409408815923483e+00   5.0127399774765919e+01   1.0229500628426296e+01   3.9823516540665065e+02   1.1971045099499632e+02
   1.1378669635014843e+02   2.3284557301363895e+00   6.9968155018487754e-01   1.2142231097369836e+01   1.5601353993341467e+00   4.9113545032101634e+01   9.5339050237643761e+00   3.7117905869117862e+02   1.1237396280512034e+02
   1.2338642121171932e+02   2.4255853149021096e+00   7.0996376417631046e-01   1.1566069788967615e+01   1.2011342438205093e+00   4.8407596048421468e+01   8.9905508196048736e+00   3.4787340068658312e+02   1.0600311229285671e+02
   1.3379603616039009e+02   2.5267733192344748e+00   7.2067322843013282e-01   1.1166860103469835e+01   1.4563119972720173e+00   4.7886890519255665e+01   8.5618498681767186e+00   3.2723185817596402e+02   1.0026047455540132e+02
   1.4508386835789162e+02   2.6323059085308085e+00   7.3332008151105488e-01   1.0892120832551987e+01   1.9817095517256529e+00   4.7445967801221478e+01   8.2192882320479050e+00   3.0846003457413457e+02   9.4892548646673305e+01
   1.5732400945314112e+02   2.7416219163992137e+00   7.4879308971648462e-01   1.0708119144607620e+01   2.5453884695576838e+00   4.7006741359624179e+01   7.9429883067392133e+00   2.9106322778089378e+02   8.9737437470654754e+01
   1.7059680190878888e+02   2.8539487452700216e+00   7.6769838296987192e-01   1.0594713805808009e+01   3.0782838422173309e+00   4.6520891883603404e+01   7.7202810744379997e+00   2.7479493685341185e+02   8.4714061211136681e+01
   1.8498936635717314e+02   2.9686662568607485e+00   7.9054137775675304e-01   1.0541167599660863e+01   3.5596985718735259e+00   4.5967321826616690e+01   7.5440268569556803e+00   2.5958343197855089e+02   7.9802958945757396e+01
   2.0059617344717333e+02   3.0854488246964804e+00   8.1781658032820925e-01   1.0542652937618438e+01   3.9835130267206247e+00   4.5346222738250681e+01   7.4109448989252904e+00   2.4545597632097406e+02   7.5024186837710175e+01
   2.1751966393547332e+02   3.2042400171725598e+00   8.5004229914852059e-01   1.0597419580725365e+01   4.3495130014850805e+00   4.4671598706837763e+01   7.3201354116863415e+00   2.3247478898651184e+02   7.0416869683238389e+01
   2.3587092109242766e+02   3.3251316610008117e+00   8.8776494466585343e-01   1.0704704767586669e+01   4.6605090789162400e+00   4.3964125097298762e+01   7.2719300708895860e+00   2.2069289642114717e+02   6.6023590299369488e+01
   2.5577039983610112e+02   3.4482180353257568e+00   9.3154960762376737e-01   1.0863412959384458e+01   4.9209578202582858e+00   4.3245633524698547e+01   7.2671209203206582e+00   2.1013106712078215e+02   6.1880747502806940e+01
   2.7734871738040289e+02   3.5734756539162529e+00   9.8196687290600937e-01   1.1071478323858154e+01   5.1361116769351609e+00   4.2535669433657397e+01   7.3065305126821523e+00   2.0077175357309605e+02   5.8014211987448171e+01
   3.0074751058702168e+02   3.7006928239002512e+00   1.0395805955239152e+00   1.1325740787734736e+01   5.3114670986673662e+00   4.1849901940246063e+01   7.3908355395574947e+00   1.9256381785181907e+02   5.4438689403170962e+01
   3.2612036564868407e+02   3.8294523117703081e+00   1.1049381426758849e+00   1.1622147135516654e+01   5.4524311558924206e+00   4.1199850360003822e+01   7.5205476455060323e+00   1.8543226518627580e+02   5.1159128717992907e+01
   3.5363382620604546e+02   3.9591586268454457e+00   1.1785631543110373e+00   1.1956116750652619e+01   5.5641475683873560e+00   4.0593366907267523e+01   7.6960727357103700e+00   1.7928889405276308e+02   4.8172910832599442e+01
   3.8346848651533196e+02   4.0890968450127403e+00   1.2609504944993084e+00   1.2322958072146427e+01   5.6514268936213732e+00   4.0035438319613753e+01   7.9177956151219693e+00   1.7404156943480893e+02   4.5472053268571450e+01
   4.1582017684213605e+02   4.2185093387388362e+00   1.3525630795481622e+00   1.2718265019018652e+01   5.7187346089723050e+00   3.9529025852413959e+01   8.1861590908529323e+00   1.6960119427219922e+02   4.3045073009303984e+01
   4.5090124886210816e+02   4.3466779305848400e+00   1.4538302596966475e+00   1.3138253503954559e+01   5.7702038607108426e+00   3.9075794788762622e+01   8.5017220222434329e+00   1.6588629316522619e+02   4.0878408265709439e+01
   4.8894196950571518e+02   4.4730008031215158e+00   1.5651472534075341e+00   1.3580016886634304e+01   5.8096526949052940e+00   3.8676675257850285e+01   8.8651898024542763e+00   1.6282553898996269e+02   3.8957433199000391e+01
   5.3019203239606998e+02   4.5970557315503626e+00   1.6868748245712351e+00   1.4041689899910148e+01   5.8405961570322686e+00   3.8332250215666029e+01   9.2774154237105275e+00   1.6035869754652117e+02   3.7267150148923626e+01
   5.7492219680067797e+02   4.7186438293405990e+00   1.8193380762523339e+00   1.4522517426998327e+01   5.8662509288630238e+00   3.8042994082325109e+01   9.7393715243890071e+00   1.5843646058700864e+02   3.5792648948599798e+01
   6.2342606485492627e+02   4.8378108632573449e+00   1.9628230383696499e+00   1.5022830114268460e+01   5.8895342867988276e+00   3.7809395989029305e+01   1.0252094922077925e+01   1.5701956409987349e+02   3.4519407514040047e+01
   6.7602200872276444e+02   4.9548459682157437e+00   2.1175697337598915e+00   1.5543934008146753e+01   5.9130606784383524e+00   3.7632001573159080e+01   1.0816605781405213e+01   1.5607749266574879e+02   3.3433486503686737e+01
   7.3305526034415539e+02   5.0702598745548899e+00   2.2837606360046583e+00   1.6087925936738124e+01   5.9391388818163291e+00   3.7511401387850832e+01   1.1433804039653937e+01   1.5558697616211069e+02   3.2521650766642331e+01
   7.9490017748610489e+02   5.1847462569245311e+00   2.4615038483420126e+00   1.6657449662352597e+01   5.9697713534733206e+00   3.7448185561501226e+01   1.2104346143856491e+01   1.5553040411186362e+02   3.1771434691138960e+01
   8.6196270097126376e+02   5.2991304531825136e+00   2.6508108763895106e+00   1.7255409643736776e+01   6.0066557503982976e+00   3.7442875815405621e+01   1.2828505655070892e+01   1.5589422140149250e+02   3.1171158314997069e+01
   9.3468301921301600e+02   5.4143097434329643e+00   2.8515694837436669e+00   1.7884659770624928e+01   6.0511873252856105e+00   3.7495839099797941e+01   1.3606022009102009e+01   1.5666732937137337e+02   3.0709895878677578e+01
   1.0135384575466522e+03   5.5311889337909719e+00   3.0635127756492557e+00   1.8547684205481399e+01   6.1044603071110792e+00   3.7607183027958520e+01   1.4435942870041954e+01   1.5783949838241847e+02   3.0377397537452850e+01
   1.0990466113217497e+03   5.6506144955267112e+00   3.2861863374238847e+00   1.9246287078738249e+01   6.1672666042073141e+00   3.7776632385772366e+01   1.5316467205061597e+01   1.5939979969618574e+02   3.0163967137471978e+01
   1.1917687433209408e+03   5.7733102262171609e+00   3.5189159471490550e+00   1.9981307624516994e+01   6.2400911097616785e+00   3.8003388081852201e+01   1.6244798439598082e+01   1.6133508169194172e+02   3.0060303205865843e+01
   1.2923134678052122e+03   5.8998174366815883e+00   3.7607790477112197e+00   2.0752377463106075e+01   6.3231043093004899e+00   3.8285974310470017e+01   1.7217019602922012e+01   1.6362854219857445e+02   3.0057315542227844e+01
   1.4013407453672291e+03   6.0304429725201922e+00   4.0105837173729295e+00   2.1557736824454285e+01   6.4161544637200469e+00   3.8622085383064196e+01   1.8228004773014245e+01   1.6625847784845979e+02   3.0145934975586592e+01
   1.5195662148143570e+03   6.1652187577887325e+00   4.2668591832796396e+00   2.2394125965385676e+01   6.5187630178971219e+00   3.9008449321014808e+01   1.9271382663424042e+01   1.6919731494005038e+02   3.0316937897152410e+01
   1.6477658905151720e+03   6.3038767197996215e+00   4.5278618018871972e+00   2.3256766107902727e+01   6.6301277277832300e+00   3.9440729402810561e+01   2.0339567997073349e+01   1.7241103654033398e+02   3.0560809029900298e+01
   1.7867812560421839e+03   6.4458426267553888e+00   4.7915997075979275e+00   2.4139440194000695e+01   6.7491380359266371e+00   3.9913485960069174e+01   2.1423873545961197e+01   1.7585911107285980e+02   3.0867664618810288e+01
   1.9375247875446223e+03   6.5902513301038903e+00   5.0558778922928154e+00   2.5034677164180476e+01   6.8744063044994173e+00   4.0420217692752765e+01   2.2514709844447822e+01   1.7949499498663448e+02   3.1227253251820912e+01
   2.1009859431059526e+03   6.7359840993039395e+00   5.3183633461202993e+00   2.5934034412661351e+01   7.0043166614617887e+00   4.0953494219567325e+01   2.3601870677159368e+01   1.8326722736854208e+02   3.1629042924548038e+01
   2.2782376573993420e+03   6.8817263340884196e+00   5.5766672786013967e+00   2.6828462392488309e+01   7.1370906693054765e+00   4.1505180147050801e+01   2.4674891413808329e+01   1.8712106411408007e+02   3.2062391664972758e+01
   2.4704433842709873e+03   7.0260413225204932e+00   5.8284387640292010e+00   2.7708724659175857e+01   7.2708662310307091e+00   4.2066737444921827e+01   2.5723455896589332e+01   1.9100052525300904e+02   3.2516786815897561e+01
   2.6788647334778498e+03   7.1674534122550764e+00   6.0714619656772406e+00   2.8565838099869399e+01   7.4037836766985334e+00   4.2629580061782541e+01   2.6737818247878266e+01   1.9485066612500395e+02   3.2982127276128743e+01
   2.9048697517061387e+03   7.3045325156424710e+00   6.3037479339839599e+00   2.9391493827186139e+01   7.5340713885806636e+00   4.3185445439881072e+01   2.7709201005966516e+01   1.9861984572769339e+02   3.3449015966902181e+01
   3.1499419022259767e+03   7.4359716583734778e+00   6.5236122108721908e+00   3.0178420649911686e+01   7.6601230146567270e+00   4.3726744182601934e+01   2.8630132000458534e+01   2.0226176341436175e+02   3.3909028169803186e+01
   3.4156898021232669e+03   7.5606504005209096e+00   6.7297311531649644e+00   3.0920660325119318e+01   7.7805593811898524e+00   4.4246852483461574e+01   2.9494689564888635e+01   2.0573706987651283e+02   3.4354925588027243e+01
   3.7038577810226143e+03   7.6776791734286522e+00   6.9211726993014855e+00   3.1613735662531433e+01   7.8942704012087166e+00   4.4740321209655399e+01   3.0298637720006905e+01   2.0901442274633493e+02   3.4780795011615410e+01
   4.0163373306071394e+03   7.7864223923501692e+00   7.0974006545726498e+00   3.2254706591096209e+01   8.0004350804022941e+00   4.5202988470002687e+01   3.1039447321682211e+01   2.1207093705735522e+02   3.5182102201275711e+01
   4.3551795200880570e+03   7.8865010250792071e+00   7.2582547721884456e+00   3.2842122710992520e+01   8.0985205345335629e+00   4.5631996119876469e+01   3.1716212902069831e+01   2.1489205949446520e+02   3.5555663472165087e+01
   4.7226084591174304e+03   7.9777775946146292e+00   7.4039113754462607e+00   3.3375891257317512e+01   8.1882632170533469e+00   4.6025722221579954e+01   3.2329485530788332e+01   2.1747095838235271e+02   3.5899547185723542e+01
   5.1210358965126234e+03   8.0603280443240788e+00   7.5348306636410562e+00   3.3857085414749307e+01   8.2696369825465990e+00   4.6383649180608209e+01   3.2881048037516216e+01   2.1980756000478149e+02   3.6212923530576269e+01
   5.5530770506161807e+03   8.1344054190665531e+00   7.6516971277204622e+00   3.4287719353876994e+01   8.3428131029009300e+00   4.6706190533097072e+01   3.3373660177278914e+01   2.2190737433539638e+02   3.6495883234999013e+01
   6.0215677751994626e+03   8.2004000465363056e+00   7.7553588681916654e+00   3.4670513998396650e+01   8.4081170433272678e+00   4.6994498664771349e+01   3.3810798625457416e+01   2.2378024360364921e+02   3.6749244744545869e+01
   6.5295831735842967e+03   8.2588000933177117e+00   7.8467703869795642e+00   3.5008672711507138e+01   8.4659859532093833e+00   4.7250272260175407e+01   3.4196411471107893e+01   2.2543912264544966e+02   3.6974365988792087e+01
   7.0804577831631186e+03   8.3101553014541363e+00   7.9269419652813573e+00   3.5305680228183839e+01   8.5169297186985258e+00   4.7475577370446253e+01   3.4534700627316397e+01   2.2689896869788785e+02   3.7172972345611605e+01
   7.6778074628055701e+03   8.3550456227154974e+00   7.9968973259779759e+00   3.5565132425361220e+01   8.5614973024608165e+00   4.7672690834415171e+01   3.4829939518324394e+01   2.2817578690166573e+02   3.7347007806694783e+01
   8.3255531268174691e+03   8.3940555204384690e+00   8.0576400953276988e+00   3.5790599674024399e+01   8.6002491239956598e+00   4.7843970214747507e+01   3.5086328323032156e+01   2.2928585074236463e+02   3.7498512341490688e+01
   9.0279464812382430e+03   8.4277539828871326e+00   8.1101287064718228e+00   3.5985522904366718e+01   8.6337354916774665e+00   4.7991750847463337e+01   3.5307885306523843e+01   2.3024509615318667e+02   3.7629525390564709e+01
   9.7895979314058713e+03   8.4566798026779342e+00   8.1552588301242199e+00   3.6153139165655546e+01   8.6624805992815137e+00   4.8118268155874162e+01   3.5498370371814154e+01   2.3106867434963763e+02   3.7742013358868171e+01
   1.0615506843970716e+04   8.4813313975255493e+00   8.1938521308524237e+00   3.6296432205722809e+01   8.6869713172618024e+00   4.8225601943319745e+01   3.5661235722340521e+01   2.3177064084617513e+02   3.7837817812629865e+01
   1.1511094361993501e+04   8.5021603322424344e+00   8.2266500648115670e+00   3.6418103172256245e+01   8.7076498946023619e+00   4.8315638742692279e+01   3.5799598160909127e+01   2.3236375515410401e+02   3.7918620614055087e+01
   1.2482238988520601e+04   8.5195677006439841e+00   8.2543114893983773e+00   3.6520556681302068e+01   8.7249096892075428e+00   4.8390048228928684e+01   3.5916227775150794e+01   2.3285936592967883e+02   3.7985922243034075e+01
   1.3535315172202369e+04   8.5339025945346254e+00   8.2774129893342696e+00   3.6605897975797994e+01   8.7390931180611631e+00   4.8450269980772191e+01   3.6013548325956798e+01   2.3326735855834889e+02   3.8041029866011847e+01
   1.4677235148224379e+04   8.5454619908137470e+00   8.2964509933660828e+00   3.6675937531349312e+01   8.7504911274223627e+00   4.8497507342357409e+01   3.6093645376143840e+01   2.3359614534023561e+02   3.8085052172106785e+01
   1.5915494309189535e+04   8.5544915028328905e+00   8.3118449312654761e+00   3.6732200136152414e+01   8.7593436034463465e+00   4.8532725664750785e+01   3.6158278943812235e+01   2.3385268189830782e+02   3.8118898502676025e+01
