f k11 k12 k13 k14 k21 k22 k23 k24
   1.5915494309189536e-03   2.6453560347206508e+01   2.7562351170403566e+01   1.0652086128112096e+02   1.0406712100396336e+02   1.3965061121513578e+01   1.2885159452482933e+01   7.4236555981034769e+01   7.4009289221010079e+01
   1.7258220403758289e-03   2.6452037735846048e+01   2.7560719651439552e+01   1.0651518094780613e+02   1.0406153930426667e+02   1.3967109898923807e+01   1.2887225523826407e+01   7.4233071431281687e+01   7.4005788580638338e+01
   1.8714226885980156e-03   2.6450247693790622e+01   2.7558801570969482e+01   1.0650850293339116e+02   1.0405497724582563e+02   1.3969517875623657e+01   1.2889653798060177e+01   7.4228974868900963e+01   7.4001673102606475e+01
   2.0293070765493009e-03   2.6448143315704080e+01   2.7556546667363715e+01   1.0650065225584260e+02   1.0404726288420534e+02   1.3972347805608395e+01   1.2892507543101857e+01   7.4224158956033435e+01   7.3996834953993201e+01
   2.2005115338310640e-03   2.6445669494647227e+01   2.7553895890185302e+01   1.0649142333818342e+02   1.0403819421092946e+02   1.3975673321586436e+01   1.2895860990561633e+01   7.4218497588067592e+01   7.3991147448724789e+01
   2.3861598209953820e-03   2.6442761497633970e+01   2.7550779873630614e+01   1.0648057469534930e+02   1.0402753393245418e+02   1.3979580788547947e+01   1.2899801202229298e+01   7.4211842634919023e+01   7.3984461773911647e+01
   2.5874705057418843e-03   2.6439343297477759e+01   2.7547117148738156e+01   1.0646782271222150e+02   1.0401500335604371e+02   1.3984171460816405e+01   1.2904430241565226e+01   7.4204020125025579e+01   7.3976603156368697e+01
   2.8057649614145947e-03   2.6435325620642690e+01   2.7542812051165320e+01   1.0645283436269025e+02   1.0400027523498727e+02   1.3989563987528012e+01   1.2909867695134572e+01   7.4194825780037206e+01   7.3967366376888563e+01
   3.0424760402997025e-03   2.6430603664701085e+01   2.7537752274767687e+01   1.0643521869684668e+02   1.0398296540323143e+02   1.3995897316271051e+01   1.2916253593615725e+01   7.4184019794253487e+01   7.3956510525854071e+01
   3.2991574786545171e-03   2.6425054432173425e+01   2.7531806013884882e+01   1.0641451689801350e+02   1.0396262300453830e+02   1.4003334049120859e+01   1.2923751786372208e+01   7.4171320737329921e+01   7.3943752878181044e+01
   3.5774940952007770e-03   2.6418533619996310e+01   2.7524818629142935e+01   1.0639019068333266e+02   1.0393871909376325e+02   1.4012064309081399e+01   1.2932553827144078e+01   7.4156398441662461e+01   7.3928761748401698e+01
   3.8793128500237521e-03   2.6410871995689167e+01   2.7516608762789726e+01   1.0636160879126557e+02   1.0391063335798766e+02   1.4022310177349278e+01   1.2942883430522334e+01   7.4138865717314133e+01   7.3911148168085958e+01
   4.2065948364660589e-03   2.6401871182601482e+01   2.7506963820223582e+01   1.0632803126713232e+02   1.0387763867354664e+02   1.4034330761928567e+01   1.2955001558571862e+01   7.4118268717685169e+01   7.3890456208066325e+01
   4.5614882847292287e-03   2.6391298767660878e+01   2.7495634724709284e+01   1.0628859122464199e+02   1.0383888318235056e+02   1.4048427954661829e+01   1.2969212192950840e+01   7.4094075758921534e+01   7.3866151747661760e+01
   4.9463226625367212e-03   2.6378882636208608e+01   2.7482329842724024e+01   1.0624227372874259e+02   1.0379336953879682e+02   1.4064952924955358e+01   1.2985868838350148e+01   7.4065664376241926e+01   7.3837609473232845e+01
   5.3636239654130018e-03   2.6364304430416372e+01   2.7466707968587542e+01   1.0618789141539928e+02   1.0373993094928379e+02   1.4084313382012574e+01   1.3005381785661699e+01   7.4032306382383879e+01   7.3804097870397968e+01
   5.8161312969418795e-03   2.6347192021350413e+01   2.7448370249983949e+01   1.0612405644053257e+02   1.0367720360328208e+02   1.4106981610172314e+01   1.3028226134871588e+01   7.3993150679372960e+01   7.3764761960255356e+01
   6.3068148478343401e-03   2.6327110881313299e+01   2.7426850932087959e+01   1.0604914833835443e+02   1.0360359508299369e+02   1.4133503240028610e+01   1.3054950534304083e+01   7.3947203567899422e+01   7.3718603523119768e+01
   6.8388953918178978e-03   2.6303554244528179e+01   2.7401606799256061e+01   1.0596127737576077e+02   1.0351724834477318e+02   1.4164506656462923e+01   1.3086186529619940e+01   7.3893306303088551e+01   7.3664458557954461e+01
   7.4158654263155313e-03   2.6275931953124648e+01   2.7372005202390852e+01   1.0585824302402476e+02   1.0341600089923023e+02   1.4200712857619978e+01   1.3122658327064880e+01   7.3830109667378721e+01   7.3600971747918848e+01
   8.0415120966784263e-03   2.6243557905240699e+01   2.7337310580849184e+01   1.0573748724490787e+02   1.0329733889119100e+02   1.4242945459375942e+01   1.3165192654253348e+01   7.3756045378632507e+01   7.3526567750371228e+01
   8.7199420544439212e-03   2.6205636057505153e+01   2.7296669425078473e+01   1.0559604242283611e+02   1.0315834591248334e+02   1.4292140380634311e+01   1.3214728241290853e+01   7.3669294235161360e+01   7.3439419213999201e+01
   9.4556084127843526e-03   2.6161244991191655e+01   2.7249093686391280e+01   1.0543047399036351e+02   1.0299564659182177e+02   1.4349354538721128e+01   1.3272324238801435e+01   7.3567751032735117e+01   7.3337411560299785e+01
   1.0253339976078529e-02   2.6109321137466065e+01   2.7193442731446254e+01   1.0523681811884481e+02   1.0280534532446882e+02   1.4415772625720940e+01   1.3339166632881605e+01   7.3448986489005549e+01   7.3218104768647095e+01
   1.1118372935464306e-02   2.6048640881514881e+01   2.7128404070822473e+01   1.0501051531410917e+02   1.0258296096325240e+02   1.4492710724016355e+01   1.3416571409736495e+01   7.3310206698756247e+01   7.3078692694506401e+01
   1.2056385238417091e-02   2.5977801938548424e+01   2.7052473274873488e+01   1.0474634140727134e+02   1.0232335893054810e+02   1.4581615157654440e+01   1.3505982871642534e+01   7.3148211042733607e+01   7.2915960852889327e+01
   1.3073533857951267e-02   2.5895204628233294e+01   2.6963933738118957e+01   1.0443833830611942e+02   1.0202068306970205e+02   1.4684054581578994e+01   1.3608965129150292e+01   7.2959350008849967e+01   7.2726244139497908e+01
   1.4176495206073746e-02   2.5799033979241887e+01   2.6860837277810898e+01   1.0407974801367324e+02   1.0166829067430760e+02   1.4801702915406796e+01   1.3727184426382893e+01   7.2739485081248148e+01   7.2505386664365105e+01
   1.5372508956757774e-02   2.5687243981046510e+01   2.6740986962400580e+01   1.0366295485844570e+02   1.0125869554518894e+02   1.4936310385745458e+01   1.3862379651881874e+01   7.2483953727199932e+01   7.2248706754591183e+01
   1.6669425566084355e-02   2.5557545768477251e+01   2.6601924064456309e+01   1.0317944262283216e+02   1.0078352563510899e+02   1.5089659729981966e+01   1.4016318225566213e+01   7.2187543565740071e+01   7.1950971245856493e+01
   1.8075757801466408e-02   2.5407402067137749e+01   2.6440921611070021e+01   1.0261977526503571e+02   1.0023350381412062e+02   1.5263504640479065e+01   1.4190734635460666e+01   7.1844481008681313e+01   7.1606384400278387e+01
   1.9600736618185902e-02   2.5234030816993204e+01   2.6254987634036194e+01   1.0197361209721245e+02   9.9598462417665161e+01   1.5459487918411416e+01   1.4387249345715635e+01   7.1448440951927424e+01   7.1208598088495648e+01
   2.1254371750009073e-02   2.5034421471985851e+01   2.6040881843711595e+01   1.0122977039327877e+02   9.8867404314537779e+01   1.5679037696395849e+01   1.4607266732542262e+01   7.0992585323860112e+01   7.0750751117226301e+01
   2.3047517411587677e-02   2.4805367952623314e+01   2.5795149966387118e+01   1.0037635009720364e+02   9.8028624902921635e+01   1.5923241597448250e+01   1.4851852227648680e+01   7.0469639240526845e+01   7.0225546541485230e+01
   2.4991943543906929e-02   2.4543522468337969e+01   2.5514180249309902e+01   9.9400936059884344e+01   9.7069910193392403e+01   1.6192700891199983e+01   1.5121591004893356e+01   6.9872013842405536e+01   6.9625376139409980e+01
   2.7100413070424677e-02   2.4245474243199258e+01   2.5194286455279531e+01   9.8290892351275943e+01   9.5978825282912851e+01   1.6487369557640875e+01   1.5416433286768493e+01   6.9191984159276416e+01   6.8942500509074478e+01
   2.9386765670999633e-02   2.3907856354595317e+01   2.4831820808874493e+01   9.7033759852907934e+01   9.4743104257410408e+01   1.6806386506111277e+01   1.5735534495149155e+01   6.8421928063695461e+01   6.8169290962352861e+01
   3.1866008623488103e-02   2.3527482211307412e+01   2.4423318586379796e+01   9.5617761719408975e+01   9.3351146082478138e+01   1.7147912685652720e+01   1.6077101695510780e+01   6.7554628042059448e+01   6.7298535048068345e+01
   3.4554415309280155e-02   2.3101510495586272e+01   2.3965673190876576e+01   9.4032410830031282e+01   9.1792610785377633e+01   1.7508987952031557e+01   1.6438260605319826e+01   6.6583630815442348e+01   6.6323800809506466e+01
   3.7469632029350677e-02   2.2627633659077127e+01   2.3456336605202029e+01   9.2269199026273142e+01   9.0059096188247622e+01   1.7885424681780254e+01   1.6814959262713550e+01   6.5503650840847385e+01   6.5239845824354191e+01
   4.0630793831950091e-02   2.2104280523563297e+01   2.2893535308030287e+01   9.0322330689283746e+01   8.8144858540303190e+01   1.8271755554902374e+01   1.7201924657319843e+01   6.4310993095516736e+01   6.4043046361418817e+01
   4.4058650112210385e-02   2.1530818744618173e+01   2.2276486651579305e+01   8.8189445232357997e+01   8.6047522750979041e+01   1.8661251075753540e+01   1.7592686685469580e+01   6.3003959768510690e+01   6.2731811091829726e+01
   4.7775700808083625e-02   2.0907738730407580e+01   2.1605596263505216e+01   8.5872257821917515e+01   8.3768712927695262e+01   1.9046017960354821e+01   1.7979679444538473e+01   6.1583196829960990e+01   6.1306934990338760e+01
   5.1806344086582599e-02   2.0236798171979313e+01   2.0882614416393103e+01   8.3377039386838135e+01   8.1314525776552273e+01   1.9417182651182451e+01   1.8354423294923709e+01   6.0051932691199596e+01   5.9771845135948162e+01
   5.6177036489714408e-02   1.9521106708930080e+01   2.0110729642417564e+01   8.0714859880321441e+01   7.8695772199813035e+01   1.9765155677981369e+01   1.8707783005742101e+01   5.8416064915960114e+01   5.8132693695220389e+01
   6.0916466591280749e-02   1.8765134112119245e+01   1.9294581887519559e+01   7.7901535434858118e+01   7.5927928686802133e+01   2.0079963674646784e+01   1.9030288894426864e+01   5.6684063711586518e+01   5.6398265989417851e+01
   6.6055743304402392e-02   1.7974632661109698e+01   1.8440185148483078e+01   7.4957250203186575e+01   7.3030769562799222e+01   2.0351628220494298e+01   1.9312500707316026e+01   5.4866682241594717e+01   5.4579692762898851e+01
   7.1628600075790541e-02   1.7156474151912043e+01   1.7554759791096373e+01   7.1905863363986313e+01   7.0027689981898746e+01   2.0570565828897653e+01   1.9545389508211134e+01   5.2976490708296666e+01   5.2689982673492850e+01
   7.7671616307065316e-02   1.6318412408135753e+01   1.6646485730665983e+01   6.8773953835882637e+01   6.6944770729151088e+01   2.0727982285391469e+01   1.9720711917323701e+01   5.1027278548511951e+01   5.0743418544245074e+01
   8.4224457456498619e-02   1.5468791145493704e+01   1.5724197112892627e+01   6.5589691031914754e+01   6.3809670971364767e+01   2.0816237098778814e+01   1.9831353627484443e+01   4.9033390877117327e+01   4.8754882987963391e+01
   9.1330135397172996e-02   1.4616222700101890e+01   1.4797045111811704e+01   6.2381641829362401e+01   6.0650456568384513e+01   2.0829159015140043e+01   1.9871624206760568e+01   4.7009076158937496e+01   4.6739190305899392e+01
   9.9035290740508750e-02   1.3769264489643682e+01   1.3874156932394087e+01   5.9177627458657646e+01   5.7494475163031389e+01   2.0762299635870932e+01   1.9837491133664880e+01   4.4967919050528472e+01   4.4710499107152103e+01
   1.0739049897828891e-01   1.2936117297899749e+01   1.2964316255114174e+01   5.6003729374573915e+01   5.4367375155867656e+01   2.0613117434623849e+01   1.9726746135704619e+01   4.2922415849023828e+01   4.2681864250394042e+01
   1.1645060245265286e-01   1.2124363733589002e+01   1.2075684440566153e+01   5.2883514692359824e+01   5.1292338070905878e+01   2.0381087788088657e+01   1.9539100158403460e+01   4.0883723695721486e+01   4.0664961047968177e+01
   1.2627507033305965e-01   1.1340758222746164e+01   1.1215574629078112e+01   4.9837516359033167e+01   4.8289559462897692e+01   2.0067735979511419e+01   1.9276204624709198e+01   3.8861584487194882e+01   3.8669984939272297e+01
   1.3692838896305690e-01   1.0591073292003479e+01   1.0390284140413808e+01   4.6882968241213938e+01   4.5375979551748564e+01   1.9676590478415829e+01   1.8941596968157224e+01   3.6864396819494978e+01   3.6705702375511187e+01
   1.4848048513903292e-01   9.8800017867285561e+00   9.6049854236092109e+00   4.4033766704186213e+01   4.2565236956271811e+01   1.9213054672108896e+01   1.8540569179368969e+01   3.4899389672766453e+01   3.4779608810625383e+01
   1.6100718509929063e-01   9.2111114001534187e+00   8.8636725465117490e+00   4.1300611537985873e+01   3.9867800600792876e+01   1.8684197990097022e+01   1.8079960593206412e+01   3.2972843128428572e+01   3.2898140643327316e+01
   1.7459071223617978e-01   8.5868461832122467e+00   8.1691584847061165e+00   3.8691271120942439e+01   3.7291226891434825e+01   1.8098472568369896e+01   1.7567880897979329e+01   3.1090304588248738e+01   3.1066890173254702e+01
   1.8932022679819402e-01   8.0085689344542583e+00   7.5231175596668880e+00   3.6210918188404570e+01   3.4840490331372614e+01   1.7465368649600560e+01   1.7013375832346050e+01   2.9256761489869959e+01   2.9290784041083768e+01
   2.0529241112456026e-01   7.4766379149213638e+00   6.9261666160318773e+00   3.3862490806981164e+01   3.2518343301329487e+01   1.6795029220858456e+01   1.6426054785864366e+01   2.7476749321474237e+01   2.7574202360786998e+01
   2.2261210425370961e-01   6.9905108302120214e+00   6.3779775668142751e+00   3.1647044946637379e+01   3.0325671749706018e+01   1.6097849950138457e+01   1.5815704680340010e+01   2.5754392157479185e+01   2.5921033343887160e+01
   2.4139299007110626e-01   6.5488684421152952e+00   5.8774128231747316e+00   2.9564077441664921e+01   2.8261825235680195e+01   1.5384092627556324e+01   1.5191916534216237e+01   2.4093387945624624e+01   2.4334672765154775e+01
   2.6175834351333677e-01   6.1497497355018620e+00   5.4226742041323881e+00   2.7611808947418442e+01   2.6324910083357384e+01   1.4663538311720156e+01   1.4563749323404155e+01   2.2496959922017677e+01   2.2817986705177642e+01
   2.8384183972642707e-01   5.7906905657287471e+00   5.0114556090683298e+00   2.5787424538004267e+01   2.4512042188299166e+01   1.3945200640851873e+01   1.3939450538301525e+01   2.0967798265149753e+01   2.1373259014652763e+01
   3.0778843148958801e-01   5.4688583434632214e+00   4.6410903144143019e+00   2.4087274601451604e+01   2.2819560989828993e+01   1.3237111634344386e+01   1.3326245445005984e+01   1.9508013496896105e+01   2.0002142827134612e+01
   3.3375530066366299e-01   5.1811765845158089e+00   4.3086852537352094e+00   2.2507041114780794e+01   2.1243208640829675e+01   1.2546183545559941e+01   1.2730199114628419e+01   1.8119117212384225e+01   1.8705630074018877e+01
   3.6191288990944492e-01   4.9244348874478829e+00   4.0112368337024433e+00   2.1041875013236243e+01   1.9778279161331657e+01   1.1878142557060052e+01   1.2156148272733931e+01   1.6802038648596099e+01   1.7484046390282398e+01
   3.9244602144791174e-01   4.6953818235639444e+00   3.7457253458453308e+00   1.9686510036069876e+01   1.8419742098966793e+01   1.1237524432636933e+01   1.1607694918619071e+01   1.5557179123300177e+01   1.6337072723585450e+01
   4.2555511020574815e-01   4.4908000498830987e+00   3.5091874453971377e+00   1.8435357797131992e+01   1.7162344554955592e+01   1.0627719085344031e+01   1.1087250815793166e+01   1.4384501498537331e+01   1.5263790392820999e+01
   4.6145747930906977e-01   4.3075644736663374e+00   3.2987681543340601e+00   1.7282588297269918e+01   1.6000694776564476e+01   1.0051050230357394e+01   1.0596121159469201e+01   1.3283648811579081e+01   1.4262743638401821e+01
   5.0038878656004560e-01   4.1426853966014496e+00   3.1117552158304518e+00   1.6222199822542791e+01   1.4929330067888984e+01   9.5088773304037488e+00   1.0134616444320780e+01   1.2254084759173953e+01   1.3332012721522913e+01
   5.4260457125960215e-01   3.9933392301636452e+00   2.9455993383615069e+00   1.5248082121459904e+01   1.3942771573574039e+01   9.0017092221219634e+00   9.7021831342454323e+00   1.1295248141854115e+01   1.2469290948203875e+01
   5.8838193152932949e-01   3.8568896444296565e+00   2.7979239924501718e+00   1.4354076771697081e+01   1.3035568486886158e+01   8.5293214720677142e+00   9.2975455872800108e+00   1.0406712805311964e+01   1.1671960126880681e+01
   6.3802134314226500e-01   3.7309019597949602e+00   2.6665281042375155e+00   1.3534038527468478e+01   1.2202334314602467e+01   8.0908721189436044e+00   8.9188533865381778e+00   9.5883430975084885e+00   1.0937160480788663e+01
   6.9184863180110878e-01   3.6131532832152087e+00   2.5493843943834515e+00   1.2781900983914134e+01   1.1437777869339680e+01   7.6850126515802399e+00   8.5638295310991808e+00   8.8404314267512270e+00   1.0261852606075747e+01
   7.5021711180959050e-01   3.5016403843637800e+00   2.4446353941663888e+00   1.2091748956896000e+01   1.0736731534850053e+01   7.3099926558812411e+00   8.2299157679903132e+00   8.1637983737614146e+00   9.6428704903738449e+00
   8.1350990517492794e-01   3.3945866492867718e+00   2.3505884574867526e+00   1.1457898497399421e+01   1.0094178968349366e+01   6.9637574910636140e+00   7.9144117297479042e+00   7.5598269270580634e+00   9.0769657785712159e+00
   8.8214245636360422e-01   3.2904486882769217e+00   2.2657104635872019e+00   1.0874983499531083e+01   9.5052837220538731e+00   6.6440386985237900e+00   7.6146045838980063e+00   7.0303926709690936e+00   8.5608443531259866e+00
   9.5656525921695146e-01   3.1879223757028332e+00   2.1886224207526270e+00   1.0338045612007791e+01   8.9654193112135925e+00   6.3484367682565486e+00   7.3278857484251363e+00   6.5776469235509776e+00   8.0911968840307100e+00
   1.0372668139256183e+00   3.0859473545660934e+00   2.1180938587890159e+00   9.8426219394410044e+00   8.4702001426596301e+00   6.0744956071144234e+00   7.0518510639353380e+00   6.2036209602345407e+00   7.6647253159916326e+00
   1.1247768334720383e+00   2.9837084667672169e+00   2.0530367419418067e+00   9.3848232190922491e+00   8.0155116447903723e+00   5.8197678045423276e+00   6.7843808503514413e+00   5.9096601763749623e+00   7.2781673239000630e+00
   1.2196697205875389e+00   2.8806323008400918e+00   1.9924986348696936e+00   8.9613941921864342e+00   7.5975371561708043e+00   5.5818697753301629e+00   6.5236967299757422e+00   5.6957715393634443e+00   6.9283206141442255e+00
   1.3225683380462934e+00   2.7763771880790014e+00   1.9356549891008246e+00   8.5697480903047971e+00   7.2127788699057955e+00   5.3585261925804746e+00   6.2683931389419909e+00   5.5600516973185465e+00   6.6120686156500161e+00
   1.4341480970437761e+00   2.6708155645081439e+00   1.8818006446191065e+00   8.2079686921216855e+00   6.8580705308485994e+00   5.1476038030236166e+00   6.0174431248789437e+00   5.4983988413061047e+00   6.3264086316537096e+00
   1.5551413904952365e+00   2.5640085856804666e+00   1.8303408985518759e+00   7.8747762069252438e+00   6.5305806087204035e+00   4.9471356036880545e+00   5.7701802041093124e+00   5.5046447230084112e+00   6.0684829531989353e+00
   1.6863424003536740e+00   2.4561740562369541e+00   1.7807827022076321e+00   7.5694570017339426e+00   6.2278060940175983e+00   4.7553372116356849e+00   5.5262603872580076e+00   5.5710872815051280e+00   5.8356128083688716e+00
   1.8286123105018732e+00   2.3476498558874468e+00   1.7327266308502385e+00   7.2917614164838369e+00   5.9475585084203830e+00   4.5706177986296659e+00   5.2856104924991012e+00   5.6892521511750571e+00   5.6253343752131180e+00
   1.9828849594351112e+00   2.2388558323410117e+00   1.6858601735623466e+00   7.0417780279754290e+00   5.6879447740259383e+00   4.3915879688299553e+00   5.0483700524827846e+00   5.8506578968195537e+00   5.4354354618146790e+00
   2.1501729698379122e+00   2.1302573834452967e+00   1.6399526067029051e+00   6.8197961566167358e+00   5.4473459368428880e+00   4.2170663529297556e+00   4.8148341383248043e+00   6.0474177746858579e+00   5.2639909066500019e+00
   2.3315743952885053e+00   2.0223335969140055e+00   1.5948512961350965e+00   6.6261706474898370e+00   5.2243962978437146e+00   4.0460855910251503e+00   4.5854032115772769e+00   6.2726170120082578e+00   5.1093943495978804e+00
   2.5282799277189110e+00   1.9155519501430813e+00   1.5504788240874097e+00   6.4612035565512329e+00   5.0179644332527786e+00   3.8778970685642502e+00   4.3605439404605901e+00   6.5204908330978775e+00   4.9703838621009115e+00
   2.7415807129394136e+00   1.8103504205831722e+00   1.5068299836503765e+00   6.3250559923629064e+00   4.8271362486798113e+00   3.7119726404844706e+00   4.1407623047619735e+00   6.7864676565822206e+00   4.8460591015720791e+00
   2.9728768255273010e+00   1.7071267052390053e+00   1.4639675403747563e+00   6.2176998758025563e+00   4.6511990459633363e+00   3.5480009924094280e+00   3.9265878878236982e+00   7.0671427665780469e+00   4.7358882391928736e+00
   3.2236864587078036e+00   1.6062333567126281e+00   1.4220157876931923e+00   6.1389140584738886e+00   4.4896249465988154e+00   3.3858764725764705e+00   3.7185665466716253e+00   7.3602302108949784e+00   4.6397039021842019e+00
   3.4956558895482686e+00   1.5079771774801791e+00   1.3811513087626734e+00   6.0883229017443279e+00   4.3420520771917479e+00   3.2256792031468406e+00   3.5172579540826261e+00   7.6645200286259856e+00   4.5576886727264281e+00
   3.7905702848755478e+00   1.4126212096035828e+00   1.3415909166185118e+00   6.0654693458159636e+00   4.2082626105800438e+00   3.0676468509395729e+00   3.3232348057514947e+00   7.9798516498651040e+00   4.4903520963095591e+00
   4.1103654188451237e+00   1.3203880315158663e+00   1.3035773431072843e+00   6.0699100790358260e+00   4.0881578078923431e+00   2.9121402660635263e+00   3.1370815009775805e+00   8.3071044431556480e+00   4.4385024094052250e+00
   4.4571403790742714e+00   1.2314636719846286e+00   1.2673637416653663e+00   6.1013186323279260e+00   3.9817312704484440e+00   2.7596069132429331e+00   2.9593914052609307e+00   8.6482022431066650e+00   4.4032170440102920e+00
   4.8331713447404461e+00   1.1460021071471516e+00   1.2331983489425693e+00   6.1595832700029565e+00   3.8890423709164708e+00   2.6105473487321937e+00   2.7907629530115803e+00   9.0061286863325574e+00   4.3858162349498100e+00
   5.2409265270823431e+00   1.0641308948067050e+00   1.2013106664267508e+00   6.2448898168551432e+00   3.8101921088881805e+00   2.4654908381310143e+00   2.6317955324631379e+00   9.3849526629364757e+00   4.3878437172868567e+00
   5.6830823703707170e+00   9.8595896799855576e-01   1.1719002952514783e+00   6.3577839556371734e+00   3.7453034182641636e+00   2.3249866668395982e+00   2.4830861782005198e+00   9.7898667967515980e+00   4.4110576811028919e+00
   6.1625411196898936e+00   9.1158797621205112e-01   1.1451291591214308e+00   6.4992119213455934e+00   3.6945073835666102e+00   2.1896180064532267e+00   2.3452276214802352e+00   1.0227245689311532e+01   4.4574340900935896e+00
   6.6824498708420839e+00   8.4112889232408494e-01   1.1211173819417390e+00   6.6705421047813820e+00   3.6579361238676498e+00   2.0600456247660857e+00   2.2188073856600483e+00   1.0704734250358300e+01   4.5291834580601877e+00
   7.2462212274154325e+00   7.7472595795928700e-01   1.0999426452634538e+00   6.8735725045331995e+00   3.6357225047701331e+00   1.9370893315982667e+00   2.1044066087644793e+00   1.1231379727080338e+01   4.6287814825202140e+00
   7.8575557006055572e+00   7.1259039842540783e-01   1.0816425081596384e+00   7.1105302621332180e+00   3.6280065081880024e+00   1.8218553506525450e+00   2.0025964140958705e+00   1.1817824227818077e+01   4.7590137604962752e+00
   8.5204659988197111e+00   6.5504644698993275e-01   1.0662189660376464e+00   7.3840699263885670e+00   3.6349480979248590e+00   1.7159160687935955e+00   1.9139292527633744e+00   1.2476577936320936e+01   4.9230352832874269e+00
   9.2393033664970279e+00   6.0259129344060103e-01   1.0536444588416325e+00   7.6972769308846525e+00   3.6567467392159370e+00   1.6215406758433091e+00   1.8389230479516976e+00   1.3222397205660757e+01   5.1244465904233918e+00
   1.0018786145028722e+01   5.5596678378505071e-01   1.0438685909047574e+00   8.0536823164636839e+00   3.6936682616793655e+00   1.5419532032101579e+00   1.7780374599662709e+00   1.4072796741817045e+01   5.3673904022503871e+00
   1.0864030743248113e+01   5.1623068705341613e-01   1.0368249570678050e+00   8.4572942172732617e+00   3.7460803657485733e+00   1.4815484261444218e+00   1.7316441993068856e+00   1.5048731733500885e+01   5.6566753152416442e+00
   1.1780585220775952e+01   4.8479537422037894e-01   1.0324376409446789e+00   8.9126512490124110e+00   3.8144986517753710e+00   1.4459270158558970e+00   1.6999965821610574e+00   1.6175495023012385e+01   5.9979368821531089e+00
   1.2774465704657215e+01   4.6337493874760688e-01   1.0306271245598799e+00   9.4249028891270310e+00   3.8996455608534348e+00   1.4415649719689254e+00   1.6832063743473082e+00   1.7483887899487232e+01   6.3978514054707247e+00
   1.3852195878322835e+01   4.5377462056406909e-01   1.0313154987391815e+00   9.9999224652617951e+00   4.0025251364426326e+00   1.4750237707212122e+00   1.6812370160107177e+00   1.9011743662399894e+01   6.8644245942355839e+00
   1.5020849802075761e+01   4.5752249032143144e-01   1.0344309806865286e+00   1.0644459809399256e+01   4.1245172723510617e+00   1.5519192724119377e+00   1.6939206484893619e+00   2.0805915512185322e+01   7.4073868444171076e+00
   1.6288098346169015e+01   4.7549253770193173e-01   1.0399118351318022e+00   1.1366343497380024e+01   4.2674964947860392e+00   1.6761986085289919e+00   1.7210023957348337e+00   2.2924892525684641e+01   8.0387409892223385e+00
   1.7662259541255214e+01   5.0775803596306013e-01   1.0477098778947975e+00   1.2174747687077227e+01   4.4339829045544299e+00   1.8501939191864283e+00   1.7622109860326405e+00   2.5442292809799479e+01   8.7735298083892701e+00
   1.9152353176700533e+01   5.5377596911168969e-01   1.0577938452396636e+00   1.3080547274006184e+01   4.6273374918161263e+00   2.0754053114575473e+00   1.8173525602631588e+00   2.8451624173623429e+01   9.6309242741525090e+00
   2.0768160005138377e+01   6.1275811592126761e-01   1.0701530764078986e+00   1.4096799863108325e+01   4.8520218561931374e+00   2.3535768138251449e+00   1.8864263724008341e+00   3.2072939645815872e+01   1.0635787816982347e+01
   2.2520285941872707e+01   6.8401102885535225e-01   1.0848022284163383e+00   1.5239418415603408e+01   5.1139554658100179e+00   2.6877125709471885e+00   1.9697681156332845e+00   3.6462419496315931e+01   1.1820961470619817e+01
   2.4420231680525823e+01   7.6714214461999508e-01   1.1017881906942775e+00   1.6528142726703290e+01   5.4210256833907025e+00   3.0829971551330653e+00   2.0682400121346101e+00   4.1826615628613659e+01   1.3230666105650196e+01
   2.6480468181878059e+01   8.6215171171274863e-01   1.1212010979888078e+00   1.7987996796133444e+01   5.7838439550121494e+00   3.5478396802606431e+00   2.1835101647997877e+00   4.8444350934517409e+01   1.4925680854933447e+01
   2.8714518531396621e+01   9.6947444838871100e-01   1.1431925059259216e+00   1.9651562502004172e+01   6.2169096854927197e+00   4.0954412093971122e+00   2.3185063365806871e+00   5.6701572111984184e+01   1.6991428501927675e+01
   3.1137046702753675e+01   1.0900317501335077e+00   1.1680055661962643e+00   2.1562665710296905e+01   6.7404693326713323e+00   4.7465452084669693e+00   2.4782124194363382e+00   6.7148819042191022e+01   1.9550976736378885e+01
   3.3763953809965145e+01   1.2253492716479382e+00   1.1960244182918587e+00   2.3782573980457649e+01   7.3835997756479204e+00   5.5346035716159623e+00   2.6711449655444501e+00   8.0599526530781176e+01   2.2786667202250669e+01
   3.6612482479934059e+01   1.3778073979804479e+00   1.2278519953120199e+00   2.6400776193205196e+01   8.1895240014632993e+00   6.5158765189059773e+00   2.9122006469284498e+00   9.8304789665881685e+01   2.6977532197932302e+01
   3.9701330030485103e+01   1.5511326453985836e+00   1.2644214441124784e+00   2.9554304854188295e+01   9.2251433493948891e+00   7.7898363484519120e+00   3.2283162067743971e+00   1.2227714497308415e+02   3.2566932978520391e+01
   4.3050771196772907e+01   1.7513059430591231e+00   1.3071104037316226e+00   3.3463101368688086e+01   1.0598762897409870e+01   9.5415528394423763e+00   3.6699794722498651e+00   1.5591686528600570e+02   4.0290630998812880e+01
   4.6682791211623368e+01   1.9880741799031156e+00   1.3576375816055375e+00   3.8494028141072810e+01   1.2493659551787490e+01   1.2131427462463179e+01   4.3349081647203249e+00   2.0527067252622044e+02   5.1428834826032443e+01
   5.0621230113326831e+01   2.2764667057078465e+00   1.4165691744919890e+00   4.5260386056895257e+01   1.5227770414591314e+01   1.6283493109851623e+01   5.4156292384111948e+00   2.8156502241896624e+02   6.8297726863458777e+01
   5.4891939228097343e+01   2.6307844792266595e+00   1.4743691655740006e+00   5.4627344816059662e+01   1.9309458100850133e+01   2.3424208309851636e+01   7.2772031192355957e+00   4.0532591813228248e+02   9.4970433044218908e+01
   5.9522950854326901e+01   2.9983312752540936e+00   1.4667983901354409e+00   6.6363643128944275e+01   2.5018734854714356e+01   3.5624876791622604e+01   1.0394073526485860e+01   6.0168061035619826e+02   1.3576930306578930e+02
   6.4544662262416296e+01   2.9908462681737249e+00   1.1673456768855062e+00   7.1650543754745627e+01   2.9256337515297773e+01   5.0428595711074223e+01   1.3900409189486044e+01   8.1290003437327118e+02   1.7607447772614603e+02
   6.9990035217928806e+01   2.2723347351536822e+00   5.2741761395692177e-01   5.7136443373059713e+01   2.5566965292944005e+01   5.4463081737371539e+01   1.4256061082684294e+01   8.2578993036042118e+02   1.7119258337206776e+02
   7.5894812337709354e+01   1.6982758056922715e+00   1.5936250436026933e-01   3.8386199712067125e+01   1.8791771037818034e+01   4.9865195357677528e+01   1.2442942302538231e+01   7.0714332079406836e+02   1.4004065127320183e+02
   8.2297751699096281e+01   1.5801856779729906e+00   3.5172117141776482e-01   2.6713275779245631e+01   1.3859893617758354e+01   4.5632348191575922e+01   1.0887905949304802e+01   6.0591541290844509e+02   1.1457631184663414e+02
   8.9240881242167589e+01   1.6643422173981979e+00   5.0200656165262802e-01   2.0906351245358152e+01   1.0712886532897821e+01   4.3181675769302139e+01   9.8793362933379445e+00   5.3950134248087397e+02   9.7519215010997456e+01
   9.6769774634877606e+01   1.7960287146269733e+00   5.9369662600531237e-01   1.8604630638543853e+01   8.6731277672428924e+00   4.1953888876689952e+01   9.2306860302838825e+00   4.9628711542551105e+02   8.5963674599238303e+01
   1.0493385041182417e+02   1.9281471696759764e+00   6.5187821112614341e-01   1.8120157281307236e+01   7.3048537008159746e+00   4.1401613878708574e+01   8.7889067174215487e+00   4.6657186823472460e+02   7.7711960068278373e+01
   1.1378669635014843e+02   2.0499006043537293e+00   6.9079357650290374e-01   1.8441356779087261e+01   6.3584141887104337e+00   4.1163627685251761e+01   8.4620603594948776e+00   4.4431289855057616e+02   7.1450750760195305e+01
   1.2338642121171932e+02   2.1606348619407458e+00   7.1858820223948672e-01   1.9059092396821217e+01   5.6866394178414170e+00   4.1016788224403484e+01   8.1981729399678649e+00   4.2590315815630834e+02   6.6411244587025934e+01
   1.3379603616039009e+02   2.2624770518262056e+00   7.4028515987985211e-01   1.9748282057579718e+01   5.1989958309472728e+00   4.0831882932539273e+01   7.9695750737903692e+00   4.0926084358395104e+02   6.2143205841855043e+01
   1.4508386835789162e+02   2.3582090240165448e+00   7.5922176467287827e-01   2.0419915489809188e+01   4.8382345268828617e+00   4.0545052704163446e+01   7.7634937524571166e+00   3.9328102258508090e+02   5.8386982257684103e+01
   1.5732400945314112e+02   2.4505717044296977e+00   7.7775699648820973e-01   2.1045593329566742e+01   4.5677946024241844e+00   4.0137381653738146e+01   7.5761271300623374e+00   3.7748400534656338e+02   5.4998336794706013e+01
   1.7059680190878888e+02   2.5419969165410539e+00   7.9764142880797451e-01   2.1622684925166997e+01   4.3643197860711167e+00   3.9618552204628941e+01   7.4086679928761985e+00   3.6176971593827864e+02   5.1901461102121814e+01
   1.8498936635717314e+02   2.6344970562087409e+00   8.2022715377276245e-01   2.2158622917572764e+01   4.2128516781628527e+00   3.9013670246999091e+01   7.2646294813293482e+00   3.4624238399178324e+02   4.9058785001715087e+01
   2.0059617344717333e+02   2.7296320651466228e+00   8.4659848117477154e-01   2.2663916838557626e+01   4.1036475633686917e+00   3.8353464546853679e+01   7.1481679403610139e+00   3.3109140946378847e+02   4.6452018173321292e+01
   2.1751966393547332e+02   2.8285194909543736e+00   8.7765998006874613e-01   2.3149165752278520e+01   4.0300969642815296e+00   3.7667884849666962e+01   7.0631684670005264e+00   3.1651813127091862e+02   4.4071003738950189e+01
   2.3587092109242766e+02   2.9318664732144368e+00   9.1419835054863752e-01   2.3623902881516400e+01   3.9874030668524751e+00   3.6982623350924406e+01   7.0128630396058176e+00   3.0269719172032376e+02   4.1907811318749623e+01
   2.5577039983610112e+02   3.0400102247101013e+00   9.5692594602105008e-01   2.4096253827569889e+01   3.9717842747942194e+00   3.6317778904877080e+01   6.9997733151415815e+00   2.8976109507462985e+02   3.9954076227298494e+01
   2.7734871738040289e+02   3.1529604155545954e+00   1.0065102915549602e+00   2.4572932125993805e+01   3.9800149050305325e+00   3.5687864028160320e+01   7.0258178099777284e+00   2.7779837425657234e+02   3.8200151683839451e+01
   3.0074751058702168e+02   3.2704420305604969e+00   1.0635926037925298e+00   2.5059360805134048e+01   4.0091778714517838e+00   3.5102512751256114e+01   7.0924779209281157e+00   2.6685851681393649e+02   3.6635147241203200e+01
   3.2612036564868407e+02   3.3919401095003514e+00   1.1287977459901199e+00   2.5559837185696729e+01   4.0565453420511881e+00   3.4567454648364119e+01   7.2009635077898926e+00   2.5695940669064476e+02   3.5247317786452840e+01
   3.5363382620604546e+02   3.5167485158685423e+00   1.2027377244115500e+00   2.6077716687056810e+01   4.1195347128903474e+00   3.4085500664790700e+01   7.3523507420989951e+00   2.4809499722021658e+02   3.4024528951926939e+01
   3.8346848651533196e+02   3.6440241547514622e+00   1.2860105755087390e+00   2.6615613744862866e+01   4.1957080396682764e+00   3.3657414516252452e+01   7.5476837250970927e+00   2.4024218251284128e+02   3.2954678806373373e+01
   4.1582017684213605e+02   3.7728465505966366e+00   1.3791962422755442e+00   2.7175622033453269e+01   4.2827957508404859e+00   3.3282622896837054e+01   7.7880407090654407e+00   2.3336653157731521e+02   3.2026036109996589e+01
   4.5090124886210816e+02   3.9022809675549963e+00   1.4828507513433493e+00   2.7759551739612064e+01   4.3787325881791475e+00   3.2959761588563623e+01   8.0745693316649128e+00   2.2742688472147486e+02   3.1227492040794299e+01
   4.8894196950571518e+02   4.0314417503380069e+00   1.5974996496422043e+00   2.8369174166612471e+01   4.4816974242945653e+00   3.2687075694921049e+01   8.4084958294299046e+00   2.2237894096799511e+02   3.0548735877899368e+01
   5.3019203239606998e+02   4.1595516019245364e+00   1.7236312335974240e+00   2.9006456819966694e+01   4.5901504991996349e+00   3.2462700056914649e+01   8.7911124343332609e+00   2.1817799144799963e+02   2.9980367993833632e+01
   5.7492219680067797e+02   4.2859922775710491e+00   1.8616896303697812e+00   2.9673767414469946e+01   4.7028627911574281e+00   3.2284846425029670e+01   9.2237459983170904e+00   2.1478093624622642e+02   2.9513962085492711e+01
   6.2342606485492627e+02   4.4103426839847080e+00   2.0120673257687671e+00   3.0374024005587049e+01   4.8189333262186178e+00   3.2151920673589174e+01   9.7077097706614133e+00   2.1214769120514148e+02   2.9142085802413671e+01
   6.7602200872276444e+02   4.5324014903784935e+00   2.1750963503823679e+00   3.1110770822308311e+01   4.9377914957825899e+00   3.2062588328334002e+01   1.0244239351797425e+01   2.1024206046460876e+02   2.8858285999805329e+01
   7.3305526034415539e+02   4.6521928274753721e+00   2.3510371049733556e+00   3.1888164739631950e+01   5.0591828824900311e+00   3.2015801234878950e+01   1.0834413241730720e+01   2.0903212556266701e+02   2.8657042219816422e+01
   7.9490017748610489e+02   4.7699551698657325e+00   2.5400637794461138e+00   3.2710864602364218e+01   5.1831385373078787e+00   3.2010793198145670e+01   1.1479058152240738e+01   2.0849018485570562e+02   2.8533689931414333e+01
   8.6196270097126376e+02   4.8861148053420509e+00   2.7422455192436916e+00   3.3583823652554621e+01   5.3099289259834697e+00   3.2047048449663023e+01   1.2178639437808130e+01   2.0859226873749614e+02   2.8484313737668518e+01
   9.3468301921301600e+02   5.0012462368968604e+00   2.9575229136884289e+00   3.4511993223730762e+01   5.4400047566640657e+00   3.2124244184993863e+01   1.2933137714677461e+01   2.0931725715433942e+02   2.8505610373982048e+01
   1.0135384575466522e+03   5.1160224155754523e+00   3.1856799968404856e+00   3.5499953149598618e+01   5.5739276010774006e+00   3.2242167291100301e+01   1.3741914065689553e+01   2.1064563642692875e+02   2.8594722018142605e+01
   1.0990466113217497e+03   5.2311579547777107e+00   3.4263127242385658e+00   3.6551490850890481e+01   5.7122937085737187e+00   3.2400605741707579e+01   1.4603568210264335e+01   2.1255795204315106e+02   2.8749042288445040e+01
   1.1917687433209408e+03   5.3473485793475826e+00   3.6787957686461779e+00   3.7669156831306644e+01   5.8556548061590341e+00   3.2599216866799225e+01   1.5515796604727594e+01   2.1503304156198828e+02   2.8966000284450182e+01
   1.2923134678052122e+03   5.4652101619797264e+00   3.9422503975458425e+00   3.8853829271024210e+01   6.0044400769699342e+00   3.2837377597496939e+01   1.6475260441346105e+01   2.1804616432069045e+02   2.9242831925739193e+01
   1.4013407453672291e+03   5.5852208780479335e+00   4.2155170578667276e+00   4.0104324215705191e+01   6.1588839365519599e+00   3.3114025515211054e+01   1.7477476565825675e+01   2.2156717772217041e+02   2.9576352237949838e+01
   1.5195662148143570e+03   5.7076702506078449e+00   4.4971369614579864e+00   4.1417089819004225e+01   6.3189645980948104e+00   3.3427503561718574e+01   1.8516746855407110e+01   2.2555893710570942e+02   2.9962746419761853e+01
   1.6477658905151720e+03   5.8326190364731838e+00   4.7853472585153405e+00   4.2786022197675202e+01   6.4843585538594652e+00   3.3775424819685227e+01   1.9586142829039431e+01   2.2997610983482778e+02   3.0397400541561460e+01
   1.7867812560421839e+03   5.9598738207034927e+00   5.0780941045842409e+00   4.4202435583566057e+01   6.6544157653171325e+00   3.4154575868536611e+01   2.0677561346584493e+01   2.3476458640467717e+02   3.0874793485960549e+01
   1.9375247875446223e+03   6.0889796223499681e+00   5.3730668952469012e+00   4.5655209718283245e+01   6.8281593325182923e+00   3.4560876829291828e+01   2.1781863456617142e+01   2.3986163598859429e+02   3.1388469262407948e+01
   2.1009859431059526e+03   6.2192326151066055e+00   5.6677550837893431e+00   4.7131122607296689e+01   7.0043115936826181e+00   3.4989412547373590e+01   2.2889101427386237e+01   2.4519688890697583e+02   3.1931102575091156e+01
   2.2782376573993420e+03   6.3497132243296219e+00   5.9595264069333354e+00   4.8615357693065747e+01   7.1813460634302988e+00   3.5434542233338739e+01   2.3988829089040138e+01   2.5069413818933100e+02   3.2494660728966949e+01
   2.4704433842709873e+03   6.4793375652674063e+00   6.2457223398340247e+00   5.0092153425492519e+01   7.3575616514219337e+00   3.5890084975973828e+01   2.5070479051467554e+01   2.5627384806743470e+02   3.3070652820229206e+01
   2.6788647334778498e+03   6.6069228147866159e+00   6.5237637083200397e+00   5.1545543521888810e+01   7.5311727098926768e+00   3.6349567481618564e+01   2.6123779180914418e+01   2.6185615642697297e+02   3.3650444755573957e+01
   2.9048697517061387e+03   6.7312601501034592e+00   6.7912572342273494e+00   5.2960121917660913e+01   7.7004062318888113e+00   3.6806510447426895e+01   2.7139172380948526e+01   2.6736408127912875e+02   3.4225608528955014e+01
   3.1499419022259767e+03   6.8511878075713284e+00   7.0460929428917236e+00   5.4321761026001454e+01   7.8635964898117106e+00   3.7254723461790277e+01   2.8108200437594110e+01   2.7272660598217635e+02   3.4788268694669235e+01
   3.4156898021232669e+03   6.9656569018375061e+00   7.2865231291684971e+00   5.5618217304562691e+01   8.0192678593923201e+00   3.7688576879473025e+01   2.9023815670001664e+01   2.7788133390644919e+02   3.5331409511739203e+01
   3.7038577810226143e+03   7.0737839106003317e+00   7.5112158850733284e+00   5.6839573674519158e+01   8.1661984652918242e+00   3.8103223133829495e+01   2.9880593098654195e+01   2.8277646836061245e+02   3.5849112764848073e+01
   4.0163373306071394e+03   7.1748858910250055e+00   7.7192795769955511e+00   5.7978490997640719e+01   8.3034602129471988e+00   3.8494748419210858e+01   3.0674829016312248e+01   2.8737197399324265e+02   3.6336707295148514e+01
   4.3551795200880570e+03   7.2684970653245822e+00   7.9102584082194092e+00   5.9030265920966222e+01   8.4304341095039739e+00   3.8860246541897681e+01   3.1404526443188452e+01   2.9163988991386526e+02   3.6790824301875858e+01
   4.7226084591174304e+03   7.3543678583669001e+00   8.0841025609920720e+00   5.9992715045386603e+01   8.5468028566196352e+00   3.9197817560779598e+01   3.2069281039237829e+01   2.9556386951803768e+02   3.7209364775886193e+01
   5.1210358965126234e+03   7.4324493548591617e+00   8.2411188050125048e+00   6.0865921790389656e+01   8.6525249963461182e+00   3.9506502539427984e+01   3.2670090385265425e+01   2.9913809957853744e+02   3.7591394814216422e+01
   5.5530770506161807e+03   7.5028672337591500e+00   8.3819086141084771e+00   6.1651890697838610e+01   8.7477961443019101e+00   3.9786171088769947e+01   3.3209114067618287e+01   3.0236579265857046e+02   3.7936989885478120e+01
   6.0215677751994626e+03   7.5658895182055028e+00   8.5073007954657367e+00   6.2354154477115024e+01   8.8330030624690714e+00   4.0037380169835181e+01   3.3689411880658852e+01   3.0525745283349352e+02   3.8247050326447500e+01
   6.5295831735842967e+03   7.6218921048309003e+00   8.6182846851838395e+00   6.2977373597022165e+01   8.9086757243161614e+00   4.0261221428589110e+01   3.4114683779964018e+01   3.0782909267618760e+02   3.8523108259571131e+01
   7.0804577831631186e+03   7.6713252469435398e+00   8.7159484852140068e+00   6.3526959136907550e+01   8.9754414241318212e+00   4.0459171166664987e+01   3.4489029474400091e+01   3.1010054044862795e+02   3.8767141963218293e+01
   7.6778074628055701e+03   7.7146832068552067e+00   8.8014256824460624e+00   6.4008739324813931e+01   9.0339836953118215e+00   4.0632952996628198e+01   3.4816739187078532e+01   3.1209393132152036e+02   3.8981408750849965e+01
   8.3255531268174691e+03   7.7524783590176023e+00   8.8758509844153348e+00   6.4428680565129966e+01   9.0850075750024555e+00   4.0784419177809085e+01   3.5102121248668645e+01   3.1383243367994174e+02   3.9168302611490688e+01
   9.0279464812382430e+03   7.7852202406910340e+00   8.9403259947352787e+00   6.4792665904105831e+01   9.1292117362039971e+00   4.0915453157337090e+01   3.5349367463269537e+01   3.1533922633339580e+02   3.9330238849944067e+01
   9.7895979314058713e+03   7.8133994643860696e+00   8.9958939952309436e+00   6.5106328227662914e+01   9.1672672654029981e+00   4.1027893220762124e+01   3.5562453843702521e+01   3.1663671682022300e+02   3.9469565005332733e+01
   1.0615506843970716e+04   7.8374760279487434e+00   9.0435226841888312e+00   6.5374931962573342e+01   9.1998023904217803e+00   4.1123475419729331e+01   3.5745072286508005e+01   3.1774597479526125e+02   3.9588495420556228e+01
   1.1511094361993501e+04   7.8578713544173615e+00   9.0840934811280984e+00   6.5603295303668517e+01   9.2273922173264431e+00   4.1203792976573858e+01   3.5900587814796197e+01   3.1868634621140939e+02   3.9689065826076408e+01
   1.2482238988520601e+04   7.8749633221408475e+00   9.1183959725760779e+00   6.5795744552779979e+01   9.2505524594801578e+00   4.1270268988573015e+01   3.6032015866518563e+01   3.1947521162838626e+02   3.9773103967490734e+01
   1.3535315172202369e+04   7.8890835630579206e+00   9.1471261681735303e+00   6.5956092578272120e+01   9.2697361792120692e+00   4.1324139281504074e+01   3.6142014465653276e+01   3.2012785351185653e+02   3.9842212425105913e+01
   1.4677235148224379e+04   7.9005163768143802e+00   9.1708874025461196e+00   6.6087634311795682e+01   9.2853326651674521e+00   4.1366442531647493e+01   3.6232886752804752e+01   3.2065740115145718e+02   3.9897760156465161e+01
   1.5915494309189535e+04   7.9094987028379293e+00   9.1901929121532078e+00   6.6193153313112560e+01   9.2976677003778114e+00   4.1398015163970079e+01   3.6306590100041007e+01   3.2107482658057785e+02   3.9940879797536766e+01
