f k11 k12 k13 k14 k21 k22 k23 k24
   1.5915494309189536e-03   5.5591008041344074e+04   5.5590848557439407e+04   6.9768820845854509e+02   8.4519306528353070e+02   4.4143686200038748e+04   4.4144779629706594e+04   5.1936538957131665e+02   4.0384409117182855e+02
   1.7191467660085257e-03   5.5590037119456152e+04   5.5589877680602272e+04   6.9804284490702173e+02   8.4539513169599707e+02   4.4142980949689379e+04   4.4144074369422277e+04   5.1998296303705695e+02   4.0453598035820619e+02
   1.8569738053131647e-03   5.5588904326715674e+04   5.5588744940424032e+04   6.9845632711545443e+02   8.4563079618206871e+02   4.4142158114183992e+04   4.4143251522325227e+04   5.2070249146924937e+02   4.0534163949982826e+02
   2.0058506823274658e-03   5.5587582686093461e+04   5.5587423361127388e+04   6.9893836215280055e+02   8.4590562564565732e+02   4.4141198094618536e+04   4.4142291489235184e+04   5.2154060869630746e+02   4.0627947100411996e+02
   2.1666632821000071e-03   5.5586040728190528e+04   5.5585881474773931e+04   6.9950023782236485e+02   8.4622610235216564e+02   4.4140078027489479e+04   4.4141171406326379e+04   5.2251659255044410e+02   4.0737074744157786e+02
   2.3403685126518218e-03   5.5584241744425839e+04   5.5584082574486551e+04   7.0015507275764878e+02   8.4659977191645521e+02   4.4138771241669259e+04   4.4139864602095229e+04   5.2365276076988721e+02   4.0864002261401356e+02
   2.5279999990138208e-03   5.5582142916535886e+04   5.5581983843989292e+04   7.0091810348468368e+02   8.4703541430932501e+02   4.4137246625330110e+04   4.4138339964275321e+04   5.2497491774708305e+02   4.1011558910181418e+02
   2.7306742337652704e-03   5.5579694302065611e+04   5.5579535343145522e+04   7.0180701298508768e+02   8.4754324113546454e+02   4.4135467887981089e+04   4.4136561201864024e+04   5.2651285572241045e+02   4.1182998332418470e+02
   2.9495972206718276e-03   5.5576837652253111e+04   5.5576678825897470e+04   7.0284230550780785e+02   8.4813512277506550e+02   4.4133392700373908e+04   4.4134485985015956e+04   5.2830091318336463e+02   4.1382053753717207e+02
   3.1860716509557957e-03   5.5573505034922295e+04   5.5573346363223274e+04   7.0404773245681497e+02   8.4882484930838314e+02   4.4130971692245294e+04   4.4132064942771329e+04   5.3037859189454446e+02   4.1612997598150230e+02
   3.4415046549006747e-03   5.5569617230634183e+04   5.5569458739362577e+04   7.0545077405690495e+02   8.4962842943345811e+02   4.4128147284643004e+04   4.4129240495365535e+04   5.3279123202141034e+02   4.1880704948461027e+02
   3.7174161749155667e-03   5.5565081865323162e+04   5.5564923584539807e+04   7.0708318107866546e+02   8.5056443180722795e+02   4.4124852329864480e+04   4.4125945494148138e+04   5.3559074208026493e+02   4.2190719915891782e+02
   4.0154480098829647e-03   5.5559791236882498e+04   5.5559633201651028e+04   7.0898158006943902e+02   8.5165437334098817e+02   4.4121008527758197e+04   4.4122101637862019e+04   5.3883637681403752e+02   4.2549323542093981e+02
   4.3373735846079405e-03   5.5553619786563810e+04   5.5553462037781072e+04   7.1118814414410326e+02   8.5292315889620977e+02   4.4116524582217389e+04   4.4117617629110769e+04   5.4259555145236106e+02   4.2963601347687671e+02
   4.6851085025013334e-03   5.5546421158533281e+04   5.5546263743897041e+04   7.1375132926207311e+02   8.5439957646729658e+02   4.4111294056060135e+04   4.4112387029208185e+04   5.4694467512029235e+02   4.3441508090661148e+02
   5.0607219442902543e-03   5.5538024782373657e+04   5.5537867757509739e+04   7.1672667285142745e+02   8.5611685118724120e+02   4.4105192876043991e+04   4.4106285763157313e+04   5.5196997947051091e+02   4.3991926742311915e+02
   5.4664489805833780e-03   5.5528231903656706e+04   5.5528075333431545e+04   7.2017764741329586e+02   8.5811326020044419e+02   4.4098076432426948e+04   4.4099169219169889e+04   5.5776831113884805e+02   4.4624718186666900e+02
   5.9047038715563886e-03   5.5516810976832276e+04   5.5516654936881081e+04   7.2417655611999976e+02   8.6043280842584977e+02   4.4089776209158859e+04   4.4090868878809357e+04   5.6444784877190511e+02   4.5350757775824002e+02
   6.3780944328967627e-03   5.5503492322535625e+04   5.5503336901040551e+04   7.2880545020069007e+02   8.6312596225323227e+02   4.4080095871388105e+04   4.4081188404441236e+04   5.7212869779061771e+02   4.6181954712487538e+02
   6.8894375534917394e-03   5.5487961937942513e+04   5.5487807237701047e+04   7.3415703894095543e+02   8.6625043400393372e+02   4.4068806726404087e+04   4.4069899100110008e+04   5.8094330960631828e+02   4.7131250361465618e+02
   7.4417759571968603e-03   5.5469854334015807e+04   5.5469700474845646e+04   7.4033555237693793e+02   8.6987200423701915e+02   4.4055642462346499e+04   4.4056734650171893e+04   5.9103666773244242e+02   4.8212592067464863e+02
   8.0383963084250994e-03   5.5448744257424849e+04   5.5448591378957877e+04   7.4745750439116068e+02   8.7406536136358238e+02   4.4040293055932503e+04   4.4041385026933189e+04   6.0256618218682536e+02   4.9440879878957111e+02
   8.6828487692931708e-03   5.5424137137718913e+04   5.5423985402645354e+04   7.5565229032263107e+02   8.7891492822418127e+02   4.4022397726063013e+04   4.4023489444153056e+04   6.1570123658101852e+02   5.0831884673338448e+02
   9.3789681246988516e-03   5.5395458082209188e+04   5.5395307680041624e+04   7.6506253910829264e+02   8.8451563301830288e+02   4.4001536794463987e+04   4.4002628217564386e+04   6.3062233962593587e+02   5.2402137383926208e+02
   1.0130896601033149e-02   5.5362039222297433e+04   5.5361890373732567e+04   7.7584412643486962e+02   8.9097356710111762e+02   4.3977222297529639e+04   4.3978313376576574e+04   6.4751984386166669e+02   5.4168790098457305e+02
   1.0943108514309040e-02   5.5323105196123026e+04   5.5322958158092129e+04   7.8816574374966535e+02   8.9840645473994277e+02   4.3948887175318785e+04   4.3949977853109267e+04   6.6659220755895035e+02   5.6149450434755306e+02
   1.1820436894374247e-02   5.5277756533944535e+04   5.5277611605452264e+04   8.0220790974934744e+02   9.0694384032103892e+02   4.3915872844262492e+04   4.3916963054109779e+04   6.8804378814781273e+02   5.8361990510407520e+02
   1.2768102243634404e-02   5.5224950695234169e+04   5.5224808224098997e+04   8.1816130750552850e+02   9.1672687750621185e+02   4.3877414939581729e+04   4.3878504603749912e+04   7.1208216361476104e+02   6.0824330791190243e+02
   1.3791743601413824e-02   5.5163480490622882e+04   5.5163340881243785e+04   8.3622433256441832e+02   9.2790758375158316e+02   4.3832626991549550e+04   4.3833716019430904e+04   7.3891497833542019e+02   6.3554197043040108e+02
   1.4897452098801158e-02   5.5091949607940471e+04   5.5091813330227516e+04   8.5659974513787154e+02   9.4064740424181343e+02   4.3780481776152265e+04   4.3781570062144114e+04   7.6874629876907318e+02   6.6568845607020774e+02
   1.6091807203646384e-02   5.5008744949469241e+04   5.5008612549085767e+04   8.7949033162716842e+02   9.5511491394077723e+02   4.3719790054471174e+04   4.3720877475502151e+04   8.0177244094827165e+02   6.9884748509239785e+02
   1.7381915871383401e-02   5.4912005476008133e+04   5.4911877586081529e+04   9.0509349466355741e+02   9.7148247763594077e+02   4.3649176384470971e+04   4.3650262797116593e+04   8.3817719660127887e+02   7.3517225869462663e+02
   1.8775454834643289e-02   5.4799587239668617e+04   5.4799464594133751e+04   9.3359470318926071e+02   9.8992168796564613e+02   4.3567051650854548e+04   4.3568136887970322e+04   8.7812634128041827e+02   7.7480009100207553e+02
   2.0280716283300807e-02   5.4669024266424240e+04   5.4668907715159461e+04   9.6515974137192165e+02   1.0105974123038048e+03   4.3471581908609754e+04   4.3472665775395355e+04   9.2176126127709654e+02   8.1784714905665794e+02
   2.1906657206771020e-02   5.4517484913285909e+04   5.4517375439194977e+04   9.9992569505243580e+02   1.0336603018649337e+03   4.3360653067311214e+04   4.3361735336699894e+04   9.6919149288913832e+02   8.6440207470215432e+02
   2.3662952692165277e-02   5.4341723262547363e+04   5.4341622000714589e+04   1.0379906071568867e+03   1.0592376500666937e+03   4.3231830848033234e+04   4.3232911255276282e+04   1.0204859346890481e+03   9.1451824798022005e+02
   2.5560053495454531e-02   5.4138025014154096e+04   5.4137933273155431e+04   1.0794017227108188e+03   1.0874225305347970e+03   4.3082315314770029e+04   4.3083393551054229e+04   1.0756624774836926e+03   9.6820445233457076e+02
   2.7609248228214905e-02   5.3902147187115181e+04   5.3902066472494713e+04   1.1241422372249833e+03   1.1182611962290373e+03   4.2908889113664220e+04   4.2909964818559376e+04   1.1346758037208158e+03   1.0254137207399235e+03
   2.9822730529994637e-02   5.3629250745581441e+04   5.3629182785386467e+04   1.1721164700616760e+03   1.1517387788618535e+03   4.2707858355543118e+04   4.2708931108024371e+04   1.1974031436974617e+03   1.0860301824845130e+03
   3.2213671626008591e-02   5.3313825062154800e+04   5.3313771834246305e+04   1.2231334200436290e+03   1.1877633932413971e+03   4.2474984890023850e+04   4.2476054197750091e+04   1.2636278454262269e+03   1.1498537972374379e+03
   3.4796298701911567e-02   5.2949603027472869e+04   5.2949566788070551e+04   1.2768887384430041e+03   1.2261488295220270e+03   4.2205408642248221e+04   4.2206473928702915e+04   1.3330207244940054e+03   1.2165829621005300e+03
   3.7585979562015946e-02   5.2529465845665211e+04   5.2529449158211530e+04   1.3329452901368745e+03   1.2665961182950127e+03   4.1893558921299838e+04   4.1894619510321514e+04   1.4051193181408789e+03   1.2857951170278352e+03
   4.0599314074708556e-02   5.2045337563611327e+04   5.2045343326511102e+04   1.3907126854713063e+03   1.3086743971839128e+03   4.1533054538476004e+04   4.1534109635637506e+04   1.4793053880417988e+03   1.3569256679596492e+03
   4.3854232949208267e-02   5.1488071921138326e+04   5.1488103392191071e+04   1.4494264786226381e+03   1.3518017215642819e+03   4.1116594819584556e+04   4.1117643489853741e+04   1.5547813239384748e+03   1.4292458192026211e+03
   4.7370104431431297e-02   5.0847339331911244e+04   5.0847400146261760e+04   1.5081281824100438e+03   1.3952267891281267e+03   4.0635848104345423e+04   4.0636889245531092e+04   1.6305465400510532e+03   1.5018402992373624e+03
   5.1167849553852923e-02   5.0111531270855667e+04   5.0111625447991937e+04   1.5656479058849632e+03   1.4380130504473325e+03   4.0081352368781692e+04   4.0082384680526200e+04   1.7053756026099707e+03   1.5735865475616426e+03
   5.5270066625154345e-02   4.9267714803751231e+04   4.9267846737488428e+04   1.6205923650643422e+03   1.4790274376056686e+03   3.9442455603322087e+04   3.9443477551977427e+04   1.7778007897420064e+03   1.6431378085635040e+03
   5.9701165700425184e-02   4.8301692706938557e+04   4.8301867130553415e+04   1.6713423411923461e+03   1.5169370474358468e+03   3.8707342550253292e+04   3.8708352331038892e+04   1.8461031952903459e+03   1.7089138776025504e+03
   6.4487513832079971e-02   4.7198253896523413e+04   4.7198475813552570e+04   1.7160654025373362e+03   1.5502186051475628e+03   3.7863218788747850e+04   3.7864214288314150e+04   1.9083184362375382e+03   1.7691050557779313e+03
   6.9657591965797919e-02   4.5941729592391377e+04   4.5942004162709498e+04   1.7527517113489057e+03   1.5771872860485460e+03   3.6896748798040717e+04   3.6897727563055465e+04   1.9622654119743354e+03   1.8216971145608356e+03
   7.5242164415087576e-02   4.4516989996938166e+04   4.4517322368627785e+04   1.7792824360371299e+03   1.5960530098138868e+03   3.5794861126906158e+04   3.5795820347427878e+04   2.0056088513074858e+03   1.8645272617173007e+03
   8.1274461922927560e-02   4.2911001440961780e+04   4.2911396522582640e+04   1.7935404317113066e+03   1.6050125845203604e+03   3.4546022488730247e+04   3.4546959008371603e+04   2.0359672662224407e+03   1.8953820385425706e+03
   8.7790379399783208e-02   4.1114984383538933e+04   4.1115446560096760e+04   1.7935694354611007e+03   1.6023833489503211e+03   3.3142018323154858e+04   3.3142928690147790e+04   2.0510751853012416e+03   1.9121456996605586e+03
   9.4828689514629555e-02   3.9127042885410512e+04   3.9127575695121115e+04   1.7777788008344069e+03   1.5867762895579554e+03   3.1580138757429340e+04   3.1581019329790059e+04   2.0489994802804054e+03   1.9129994069794241e+03
   1.0243127340994512e-01   3.6954882607756284e+04   3.6955488413906474e+04   1.7451748252256007e+03   1.5572931102999632e+03   2.9865460243729925e+04   2.9866307355716206e+04   2.0283926996571822e+03   1.8966560127956443e+03
   1.1064336991353525e-01   3.4617967314783804e+04   3.4618647022678910e+04   1.6955797638787749e+03   1.5137146548803444e+03   2.8012690895996970e+04   2.8013501080958209e+04   1.9887439283170731e+03   1.8625943733118270e+03
   1.1951384473010772e-01   3.2148325172895820e+04   3.2149078048423151e+04   1.6297837988317524e+03   1.4566342658393592e+03   2.6046927525722102e+04   2.6047697773965047e+04   1.9305682001860691e+03   1.8112387197387370e+03
   1.2909548121441444e-01   2.9589364135102336e+04   2.9590187771744764e+04   1.5495750835416563e+03   1.3874889828303208e+03   2.4002785697687967e+04   2.4003513712356424e+04   1.8554717836353591e+03   1.7440245918172341e+03
   1.3944529445618986e-01   2.6992545781810699e+04   2.6993436235544315e+04   1.4576164196360053e+03   1.3084608646909023e+03   2.1921759771483594e+04   2.1922444177949375e+04   1.7660526949231496e+03   1.6633126477688888e+03
   1.5062487054583543e-01   2.4412449403591414e+04   2.4413401477468215e+04   1.3571799231747780e+03   1.2222568613612527e+03   1.9848229266837741e+04   1.9848869737056768e+04   1.6656408480913908e+03   1.5721530949969849e+03
   1.6270073303963375e-01   2.1901314459636320e+04   2.1902322086113058e+04   1.2517952719711961e+03   1.1318134829711883e+03   1.7824991677781069e+04   1.7825588949853682e+04   1.5579319364469729e+03   1.4739497162868745e+03
   1.7574473880512881e-01   1.9504290599266475e+04   1.9505347251559197e+04   1.1448911424074706e+03   1.0399935184969549e+03   1.5889330197716836e+04   1.5889885995390261e+04   1.4465993084421004e+03   1.3721010511298123e+03
   1.8983450560212958e-01   1.7256296455184678e+04   1.7257395523612213e+04   1.0395026809128724e+03   9.4933696937390607e+02   1.4070367810856886e+04   1.4070884688333101e+04   1.3349652318337235e+03   1.2696943867551404e+03
   2.0505387394364086e-01   1.5180798847073707e+04   1.5181933936943818e+04   9.3808732880209516e+02   8.6190285394308819e+02   1.2387981883548950e+04   1.2388463031112908e+04   1.2257826233169785e+03   1.1693006484026475e+03
   2.2149340598500167e-01   1.3290273291319334e+04   1.3291438424678101e+04   8.4245464212380330e+02   7.7920746124581967e+02   1.0853100788261623e+04   1.0853549833106021e+04   1.1211389067848615e+03   1.0728818963646133e+03
   2.3925092440984919e-01   1.1587793355772814e+04   1.1588983080914357e+04   7.5378850430492651e+02   7.0224130994569953e+02   9.4689413576312436e+03   9.4693621855564670e+03   1.0224626638277164e+03   9.8179423403440967e+02
   2.5843209451952454e-01   1.0069146430864574e+04   1.0070355856448663e+04   6.7272840948913392e+02   6.3153683618417756e+02   8.2326980175928602e+03   8.2330946300747728e+03   9.3059894445197483e+02   8.9685490752606336e+02
   2.7915105298961590e-01   8.7249967302536352e+03   8.7262215054170465e+03   5.9947776110699635e+02   5.6725966597743025e+02   7.1372899985096692e+03   7.1376664097807834e+03   8.4591871010927650e+02   8.1844172296208694e+02
   3.0153108703502829e-01   7.5427994373360298e+03   7.5440356979516819e+03   5.3391525726027385e+02   5.0930307332145833e+02   6.1729200900736123e+03   6.1732802620833108e+03   7.6843563719847532e+02   7.4659990982790157e+02
   3.2570536802491651e-01   6.5083344755534881e+03   6.5095787727498155e+03   4.7569498501370464e+02   4.5737326237983933e+02   5.3283324005321601e+03   5.3286802100036530e+03   6.9791347844210247e+02   6.8114071753805740e+02
   3.5181774391282827e-01   5.6068421349606488e+03   5.6080913573504149e+03   4.2432874552676361e+02   4.1105980222928019e+02   4.5917502487983793e+03   4.5920894793183152e+03   6.3395579644143743e+02   6.2172401054714180e+02
   3.8002359519737339e-01   4.8238053084232715e+03   4.8250566054061110e+03   3.7924942126638888e+02   3.6989004319327387e+02   3.9515275563395585e+03   3.9518619085677969e+03   5.7607587194188704e+02   5.6792270500313225e+02
   4.1049075950677555e-01   4.1454477303255508e+03   4.1466984407667151e+03   3.3985712464340691e+02   3.3336884927495049e+02   3.3965683652048683e+03   3.3969014791140130e+03   5.2374805757585409e+02   5.1927014115989277e+02
   4.4340053030900350e-01   3.5590195005469964e+03   3.5602670891007024e+03   3.0555111176514299e+02   3.0100605963064908e+02   2.9165715516257951e+03   2.9169070356717643e+03   4.7644344808335967e+02   4.7529300091847324e+02
   4.7894873569026136e-01   3.0529320386889035e+03   3.0541740408433334e+03   2.7575067281466141e+02   2.7233430928215535e+02   2.5021509687076991e+03   2.5024924317220020e+03   4.3365316746432001e+02   4.3553280075299494e+02
   5.1734690362106273e-01   2.6167918307484483e+03   2.6180258070902460e+03   2.4990791693996334e+02   2.4691961796100543e+02   2.1448712052137039e+03   2.1452222874830613e+03   3.9490237402652969e+02   3.9955881992660522e+02
   5.5882352064374252e-01   2.2413698114723993e+03   2.2425933114911754e+03   2.2751486558407484e+02   2.2436676250952303e+02   1.8372291437271608e+03   1.8375935441737106e+03   3.5975761079419016e+02   3.6697489408490657e+02
   6.0362539147118088e-01   1.9185326298672978e+03   1.9197431656753160e+03   2.0810672544275573e+02   2.0432102837925581e+02   1.5726029532139546e+03   1.5729844498521481e+03   3.2782958559225500e+02   3.3742200724440823e+02
   6.5201910758696047e-01   1.6411537843538629e+03   1.6423488148488914e+03   1.9126271406445440e+02   1.8646755703107499e+02   1.3451834389987355e+03   1.3455858999966592e+03   2.9877295547624283e+02   3.1057814838776324e+02
   7.0429263358579819e-01   1.4030165105280726e+03   1.4041934366711127e+03   1.7660539225442523e+02   1.7052919154466224e+02   1.1498976838015287e+03   1.1503250666074282e+03   2.7228425686479795e+02   2.8615650279644603e+02
   7.6075702069369755e-01   1.1987159677610878e+03   1.1998721396853218e+03   1.6379912825733561e+02   1.5626347340017702e+02   9.8233134778913882e+02   9.8278768400047306e+02   2.4809877617519882e+02   2.6390273227739567e+02
   8.2174825766404336e-01   1.0235652842969057e+03   1.0246980208336392e+03   1.5254807702785718e+02   1.4345925092739913e+02   8.3865352537302545e+02   8.3914288943015606e+02   2.2598689095909967e+02   2.4359185687405480e+02
   8.8762927006331860e-01   8.7350801995476797e+02   8.7461464079630264e+02   1.4259389386705573e+02   1.3193321362113639e+02   7.1554639103406976e+02   7.1607285150748248e+02   2.0575021749504043e+02   2.2502507178691653e+02
   9.5879207984308534e-01   7.4503830160580242e+02   7.4611617169116016e+02   1.3371330000929979e+02   1.2152655632412277e+02   6.1014077273469888e+02   6.1070832600763003e+02   1.8721776526603310e+02   2.0802670413247611e+02
   1.0356601380486845e+00   6.3512906144801116e+02   6.3617564626237936e+02   1.2571556047805367e+02   1.1210189486476710e+02   5.1995809290920511e+02   5.2057058044746827e+02   1.7024221021724114e+02   1.9244142300269638e+02
   1.1186908445453148e+00   5.4116830336176588e+02   5.4218123274767504e+02   1.1843990479015325e+02   1.0354049375773975e+02   4.4285868445012215e+02   4.4351969653044677e+02   1.5469634684612248e+02   1.7813175326499041e+02
   1.2083782697550152e+00   4.6090302599728074e+02   4.6188016291113689e+02   1.1175290620271544e+02   9.5739822465425917e+01   3.7699623046451586e+02   3.7770900104084404e+02   1.4046975469448552e+02   1.6497590116677438e+02
   1.3052560946001173e+00   3.9239026514041967e+02   3.9332977473643479e+02   1.0554582809627099e+02   8.8611426338508636e+01   3.2077792790937428e+02   3.2154522698116000e+02   1.2746570891406822e+02   1.5286587268693552e+02
   1.4099007861471662e+00   3.3395463072594663e+02   3.3485504442719662e+02   9.9731944447119147e+01   8.2079079530325487e+01   2.7282989376972461e+02   2.7365392486503930e+02   1.1559836884548579e+02   1.4170585000018127e+02
   1.5229350278478455e+00   2.8415167351539606e+02   2.8501194254312196e+02   9.4243845234744043e+01   7.6077178192957618e+01   2.3196729144906161e+02   2.3284960233579756e+02   1.0479028516949425e+02   1.3141078480825249e+02
   1.6450314247883711e+00   2.4173640519660535e+02   2.4255593851093408e+02   8.9030747023459213e+01   7.0549331380275859e+01   1.9716863958236863e+02   1.9811005384051759e+02   9.4970268657573811e+01   1.2190516762475791e+02
   1.7769165059953067e+00   2.0563630559009371e+02   2.0641498836825093e+02   8.4055842166903261e+01   6.5447112254731337e+01   1.6755376878806976e+02   1.6855434434014876e+02   8.6071657608724323e+01   1.1312193747253531e+02
   1.9193750476133085e+00   1.7492817939348407e+02   1.7566636991371635e+02   7.9293733644486437e+01   6.0728941018065044e+01   1.4236491178841624e+02   1.4342393002434622e+02   7.8031005433067577e+01   1.0500150485805203e+02
   2.0732547426796888e+00   1.4881827175554099e+02   1.4951677661644874e+02   7.4728012241412941e+01   5.6359080947231831e+01   1.2095044810178129e+02   1.2206643417973295e+02   7.0787186350303088e+01   9.7490870273973229e+01
   2.2394712452830667e+00   1.2662511503246573e+02   1.2728514469247101e+02   7.0349035181369004e+01   5.2306737802567611e+01   1.0275087441981464e+02   1.0392164614181704e+02   6.4280890037759150e+01   9.0542829006087203e+01
   2.4190136191211509e+00   1.0776465385585804e+02   1.0838776220097682e+02   6.6151958935774886e+01   4.8545259173701332e+01   8.7286631985475395e+01   8.8509371829217017e+01   5.8454450569603182e+01   8.4115259361466272e+01
   2.6129502228790509e+00   9.1737275350412560e+01   9.2325288142426473e+01   6.2135064666871493e+01   4.5051433444813455e+01   7.4147487045370525e+01   7.5418829884690226e+01   5.3251935913749278e+01   7.8170494991156275e+01
   2.8224350674487630e+00   7.8116448361304194e+01   7.8671385863401923e+01   5.8298395434154045e+01   4.1804888267304051e+01   6.2983223337155621e+01   6.4299351327228464e+01   4.8619414635061545e+01   7.2674782876849108e+01
   3.0487146828182201e+00   6.6538743273297015e+01   6.7062742117916486e+01   5.4642703620605602e+01   3.8787586593595414e+01   5.3495461009984318e+01   5.4852197059743418e+01   4.4505317040751450e+01   6.7597827440379618e+01
   3.2931355354909795e+00   5.6695058228881692e+01   5.7190296820037609e+01   5.1168688510615262e+01   3.5983415546010299e+01   4.5430460802724205e+01   4.6823352828176596e+01   4.0860817443025127e+01   6.2912419000090779e+01
   3.5571520405735781e+00   4.8322917018527470e+01   4.8791547651621194e+01   4.7876490033027224e+01   3.3377860660438635e+01   3.8572804614630122e+01   3.9997194061704043e+01   3.7640179761487140e+01   5.8594142258619428e+01
   3.8423352162061137e+00   4.1199729918369208e+01   4.1643819569099492e+01   4.4765396464128791e+01   3.0957756039114070e+01   3.2739864834128340e+01   3.4190934437399939e+01   3.4801027100726408e+01   5.4621158219695552e+01
   4.1503820318338436e+00   3.5136924207327844e+01   3.5558404770591117e+01   4.1833721214301555e+01   2.8711099988602161e+01   2.7776987345972351e+01   2.9249784439684909e+01   3.2304514243311395e+01   5.0974051114268931e+01
   4.4831255059462789e+00   2.9974859485542098e+01   3.0375487262043205e+01   3.9078805689379600e+01   2.6626925815202391e+01   2.3553319897240513e+01   2.5042752583192676e+01   3.0115397971638945e+01   4.7635730471028005e+01
   4.8425456133698637e+00   2.5578447429489291e+01   2.5959770929450393e+01   3.6497110218294374e+01   2.4695218403483100e+01   1.9958221118291434e+01   2.1459025080985842e+01   2.8202012472023746e+01   4.4591377069891934e+01
   5.2307810670176478e+00   2.1833398672994701e+01   2.2196733351731940e+01   3.4084361758025850e+01   2.2906868722666445e+01   1.6898187971904704e+01   1.8404861667660082e+01   2.6536165335554717e+01   4.1828419741914125e+01
   5.6501420442026715e+00   1.8643022603607484e+01   1.8989430952776171e+01   3.1835734347846980e+01   2.1253660182093057e+01   1.4294241977953622e+01   1.5800947355817275e+01   2.5092974064620901e+01   3.9336527438752100e+01
   6.1031239332424230e+00   1.5925509709988797e+01   1.6255785183904994e+01   2.9746045250784501e+01   1.9728282504324913e+01   1.2079717759552869e+01   1.3580142753437668e+01   2.3850664152271612e+01   3.7107597528436891e+01
   6.5924221821529008e+00   1.3611630818977888e+01   1.3926284374278032e+01   2.7809955892365494e+01   1.8324370234882359e+01   1.0198401233257018e+01   1.1685579336842869e+01   2.2790348556115941e+01   3.5135717194432921e+01
   7.1209483377887963e+00   1.1642792877923226e+01   1.1942041474913202e+01   2.6022171858514643e+01   1.7036563879261699e+01   8.6029686031569241e+00   1.0069050600369895e+01   2.1895805609343547e+01   3.3417071215131443e+01
   7.6918473708698745e+00   9.9693964701564468e+00   1.0253153796597143e+01   2.4377640300534193e+01   1.5860591603546647e+01   7.2536802272910590e+00   8.6896550036670970e+00   2.1153268901673353e+01   3.1949768419639366e+01
   8.3085163899854404e+00   8.5494455970020216e+00   8.8173166425779907e+00   2.2871746158141171e+01   1.4793367994584608e+01   6.1172838172983344e+00   7.5126518145784855e+00   2.0551239104413117e+01   3.0733563893463440e+01
   8.9746248559336532e+00   7.3473651404406741e+00   7.5986481948521218e+00   2.1500510698200824e+01   1.3833102977524804e+01   5.1660769980171724e+00   6.5084960595390449e+00   2.0080324648032843e+01   2.9769467899791390e+01
   9.6941364166801964e+00   6.3329858276380451e+00   6.5666880297244630e+00   2.0260796956351673e+01   1.2979408090787432e+01   4.3770674076891121e+00   5.6520236853708248e+00   1.9733115990114651e+01   2.9059257161861591e+01
   1.0471332492864247e+01   5.4806609121088217e+00   5.6955363693605365e+00   1.9150526619054549e+01   1.2233378851967533e+01   3.7311490636698266e+00   4.9217626261177934e+00   1.9504097208236104e+01   2.8604936891626494e+01
   1.1310837754196180e+01   4.7684843248535209e+00   4.9631061153316498e+00   1.8168911409907587e+01   1.1597622246421434e+01   3.2121966843698466e+00   4.2993497314357647e+00   1.9389598967449661e+01   2.8408233675503624e+01
   1.2217647638343252e+01   4.1775886414536263e+00   4.3504657105899138e+00   1.7316698768455602e+01   1.1076191581041044e+01   2.8059986856684080e+00   3.7690374416738162e+00   1.9387798581010802e+01   2.8470216086846829e+01
   1.3197158076052924e+01   3.6915148728268732e+00   3.8412589280058560e+00   1.6596426251371110e+01   1.0674395172114911e+01   2.4990628934063408e+00   3.3172776509152460e+00   1.9498775819912989e+01   2.8791129253203309e+01
   1.4255197599392071e+01   3.2956649320265368e+00   3.4211981983191238e+00   1.6012671877599043e+01   1.0398471356773300e+01   2.2775574803849321e+00   2.9323732680888952e+00   1.9724637096944679e+01   2.9370489367229471e+01
   1.5398062024160494e+01   2.9768667261172364e+00   3.0776396437727747e+00   1.5572279992268433e+01   1.0255176873834927e+01   2.1268438650233779e+00   2.6041903573954661e+00   2.0069725205308352e+01   3.0207426668742713e+01
   1.6632551912854904e+01   2.7230897910546608e+00   2.7992562555219784e+00   1.5284537410789422e+01   1.0251409396418557e+01   2.0319159741362935e+00   2.3239251465743798e+00   2.0540936138664041e+01   3.1301212394867797e+01
   1.7966013041105171e+01   2.5233338064439939e+00   2.5758243605906075e+00   1.5161277720103266e+01   1.0394044493226867e+01   1.9785334799705130e+00   2.0839204302305938e+00   2.1148167303260220e+01   3.2651875156320834e+01
   1.9406380108376144e+01   2.3676724370605906e+00   2.3981237361520806e+00   1.5216907607266887e+01   1.0690167813373206e+01   1.9544049218411350e+00   1.8775249857785348e+00   2.1904920385491348e+01   3.4260810366673951e+01
   2.0962223953034069e+01   2.2473899217566324e+00   2.2579273503570580e+00   1.5468378103225618e+01   1.1147804642567335e+01   1.9498753950692176e+00   1.6989879213922841e+00   2.2829073573317427e+01   3.6131303522222915e+01
   2.2642802552728316e+01   2.1551258116535865e+00   2.1480349425158818e+00   1.5935155390174174e+01   1.1777122783260461e+01   1.9580037574127596e+00   1.5433780429859976e+00   2.3943815971351089e+01   3.8268907408295370e+01
   2.4458116113564003e+01   2.0849572787883344e+00   2.0622980608558974e+00   1.6639258210488023e+01   1.2591974537088626e+01   1.9742248530933555e+00   1.4065170883029630e+00   2.5278693228721387e+01   4.0681617743515737e+01
   2.6418966575871135e+01   2.0323856507670932e+00   1.9955957240929287e+00   1.7605395697982775e+01   1.3611589432110190e+01   1.9958409997264812e+00   1.2849155921829440e+00   2.6870635217238373e+01   4.3379767530748204e+01
   2.8537021890656582e+01   1.9942297590144948e+00   1.9437413411097348e+00   1.8861143778928721e+01   1.4862212998428964e+01   2.0214989841847921e+00   1.1757016250374814e+00   2.8764707230192396e+01   4.6375494995089362e+01
   3.0824885449212928e+01   1.9684475831415471e+00   1.9033213893712448e+00   2.0436939026121578e+01   1.6378446390783878e+01   2.0507141887453306e+00   1.0765363978770188e+00   3.1014124243752658e+01   4.9681518786702242e+01
   3.3296171079022052e+01   1.9539090182119061e+00   1.8714783631689096e+00   2.2365450781045073e+01   1.8203906726633669e+01   2.0834484117670220e+00   9.8551864294081204e-01   3.3678769370657228e+01   5.3308759732064679e+01
   3.5965584052212989e+01   1.9501341639018301e+00   1.8456559695357244e+00   2.4679611768439866e+01   2.0390542058928897e+01   2.1197289853828898e+00   9.0109581833861163e-01   3.6821046160186540e+01   5.7262071503476051e+01
   3.8849008588611248e+01   1.9570008641577128e+00   1.8233296359336160e+00   2.7408243347084010e+01   2.2995469416605999e+01   2.1592996719373061e+00   8.2203118411233500e-01   4.0497395799830080e+01   6.1533020674069981e+01
   4.1963602374062532e+01   1.9744164300317797e+00   1.8017579676765225e+00   3.0567877823693692e+01   2.6073610630261573e+01   2.2013087520745298e+00   7.4752890045484865e-01   4.4743393327529631e+01   6.6088471098943884e+01
   4.5327898656457634e+01   2.0019449488486596e+00   1.7778183669340506e+00   3.4149368604115800e+01   2.9663963984561263e+01   2.2440640472171069e+00   6.7769201639874976e-01   4.9550535632259439e+01   7.0854186222670450e+01
   4.8961916526976864e+01   2.0383927918587745e+00   1.7480349499251440e+00   3.8098972718160312e+01   3.3767881170385827e+01   2.2849206866699299e+00   6.1452739592154215e-01   5.4834869697321480e+01   7.5694793635505334e+01
   5.2887280042776119e+01   2.0814018872273357e+00   1.7089505649471204e+00   4.2297077317848938e+01   3.8320779673184227e+01   2.3204122237915543e+00   5.6347798077991917e-01   6.0403376662175049e+01   8.0396555090362341e+01
   5.7127346899950474e+01   2.1272018769089041e+00   1.6579682759388907e+00   4.6544369859590880e+01   4.3165865353932929e+01   2.3467549699158048e+00   5.3431880175898117e-01   6.5934381254155781e+01   8.4667202651850545e+01
   6.1707347422436541e+01   2.1707871804187233e+00   1.5945685166023078e+00   5.0572050102957164e+01   4.8047931415311631e+01   2.3607597772014404e+00   5.3814314385886719e-01   7.0998112434912343e+01   8.8171849199356757e+01
   6.6654534693901340e+01   2.2067461850596399e+00   1.5213537307532756e+00   5.4089928959802251e+01   5.2647503242304197e+01   2.3608941460261512e+00   5.7906686923111317e-01   7.5137659909505629e+01   9.0612896413949898e+01
   7.1998346725970322e+01   2.2305984849206579e+00   1.4440093599678034e+00   5.6864326910632073e+01   5.6657122868225393e+01   2.3478973297339469e+00   6.4908398244825827e-01   7.7995014095782665e+01   9.1828531005225997e+01
   7.7770581627769403e+01   2.2399810861003391e+00   1.3696593323587978e+00   5.8787542516945052e+01   5.9867073231593700e+01   2.3244198289084883e+00   7.3322667404857211e-01   7.9420479207122952e+01   9.1853197182359253e+01
   8.4005586819119145e+01   2.2349750024603794e+00   1.3043182115033374e+00   5.9896623159458223e+01   6.2211934008070600e+01   2.2938416309694345e+00   8.1754256777143142e-01   7.9499908235265934e+01   9.0897751241429390e+01
   9.0740463413285809e+01   2.2174930693372326e+00   1.2510195305618088e+00   6.0334655131599582e+01   6.3756719998490112e+01   2.2590739598518268e+00   8.9279870812247319e-01   7.8491205461863657e+01   8.9264855778156772e+01
   9.8015286985459028e+01   2.1902868393199517e+00   1.2096262826733308e+00   6.0286448688259121e+01   6.4644162605672832e+01   2.2220156411608181e+00   9.5453305925962684e-01   7.6721162238487949e+01   8.7255825693670658e+01
   1.0587334604062957e+02   2.1561549454387787e+00   1.1779646087564055e+00   5.9925128257649561e+01   6.5039686062356125e+01   2.1836813668024284e+00   1.0017291571388633e+00   7.4499542737399025e+01   8.5112489000969759e+01
   1.1436139959985852e+02   2.1175535807136083e+00   1.1532344419103515e+00   5.9384889731452020e+01   6.5095475289754560e+01   2.1446141952423399e+00   1.0353950493422044e+00   7.2073868954849246e+01   8.3000802080535721e+01
   1.2352995543769396e+02   2.0765105091085974e+00   1.1329712030004229e+00   5.8755844470880277e+01   6.4935367069865052e+01   2.1052465237892726e+00   1.0575027658065350e+00   6.9618668955438096e+01   8.1020567413118727e+01
   1.3343357062637330e+02   2.0346779121029352e+00   1.1154325720284373e+00   5.8090638249284339e+01   6.4653219416398386e+01   2.0660909442036126e+00   1.0703317912924963e+00   6.7243593894501402e+01   7.9224029076466323e+01
   1.4413117617518799e+02   1.9934151276189795e+00   1.0996033916630752e+00   5.7414676687533216e+01   6.4317303446957865e+01   2.0277869522369993e+00   1.0761149825419012e+00   6.5008080964941357e+01   7.7633323428081980e+01
   1.5568642769675770e+02   1.9538572362214903e+00   1.0850377143468768e+00   5.6735699985544734e+01   6.3976150299673762e+01   1.9910695303264840e+00   1.0768733080529411e+00   6.2936038506809332e+01   7.6253337299981581e+01
   1.6816808418684332e+02   1.9169622250734439e+00   1.0716734954111249e+00   5.6051234849814023e+01   6.3663823795315089e+01   1.9567127776071203e+00   1.0743564503471095e+00   6.1028090488852150e+01   7.5079985952777704e+01
   1.8165041717160673e+02   1.8835425492366762e+00   1.0596777959807990e+00   5.5353838315529572e+01   6.3404034540253157e+01   1.9254780744963247e+00   1.0700383835037153e+00   5.9270930021706498e+01   7.4105068031457066e+01
   1.9621365265693072e+02   1.8542883596947601e+00   1.0493363224358572e+00   5.4634546401094944e+01   6.3213135229870474e+01   1.8980782839280737e+00   1.0651393892894518e+00   5.7644092920307308e+01   7.3318899261759015e+01
   2.1194444850959832e+02   1.8297874154302400e+00   1.0409826784148948e+00   5.3885016214665136e+01   6.3102226408037154e+01   1.8751594287500595e+00   1.0606592512684803e+00   5.6124651826651039e+01   7.2711625194675264e+01
   2.2893641011096622e+02   1.8105442012759607e+00   1.0349576007956565e+00   5.3098770700369712e+01   6.3078609578207498e+01   1.8572968847908982e+00   1.0574136738002144e+00   5.4690311978573504e+01   7.2273793858253526e+01
   2.4729064735150607e+02   1.7969990309487600e+00   1.0315888009666825e+00   5.2271843186495332e+01   6.3146775991884184e+01   1.8450018850514727e+00   1.0560698648627354e+00   5.3321312631332958e+01   7.1996529714594203e+01
   2.6711637628058395e+02   1.7895469536119175e+00   1.0311840050276611e+00   5.1403020588990266e+01   6.3309065961120396e+01   1.8387343505550970e+00   1.0571792801969149e+00   5.2001455315833859e+01   7.1871496204968281e+01
   2.8853156899156772e+02   1.7885558777072397e+00   1.0340318532862840e+00   5.0493812108419895e+01   6.3566091382381771e+01   1.8389188174585476e+00   1.0612066250172019e+00   5.0718506739131101e+01   7.1890744421001344e+01
   3.1166365560937373e+02   1.7943832577796570e+00   1.0404070099021916e+00   4.9548223989066059e+01   6.3916985563597777e+01   1.8459610773523338e+00   1.0685548077511366e+00   4.9464164260460805e+01   7.2046497870983004e+01
   3.3665028255759785e+02   1.8073908028546197e+00   1.0505770904377829e+00   4.8572395340104002e+01   6.4359527189715124e+01   1.8602639121568594e+00   1.0795858758216574e+00   4.8233726135965235e+01   7.2330901278996450e+01
   3.6364013161726461e+02   1.8279568606552565e+00   1.0648099107447953e+00   4.7574138867583812e+01   6.4890176298650914e+01   1.8822409359170806e+00   1.0946381595684445e+00   4.7025575805647030e+01   7.2735753894532522e+01
   3.9279380465096494e+02   1.8564863515098962e+00   1.0833801873693893e+00   4.6562427386618957e+01   6.5504056650399548e+01   1.9123280532932228e+00   1.1140399705191066e+00   4.5840566516500992e+01   7.3252247973260424e+01
   4.2428477925689867e+02   1.8934183338421258e+00   1.1065752546053786e+00   4.5546866701839541e+01   6.6194918340013089e+01   1.9509924244780348e+00   1.1381202760722182e+00   4.4681375792086222e+01   7.3870736393524552e+01
   4.5830044103938502e+02   1.9392314586207071e+00   1.1346996618925234e+00   4.4537193776960500e+01   6.6955114583919411e+01   1.9987391057785409e+00   1.1672168187046972e+00   4.3551885089530622e+01   7.4580556564020341e+01
   4.9504319863833450e+02   1.9944477012185833e+00   1.1680787143701057e+00   4.3542833821807399e+01   6.7775625127055164e+01   2.0561157282622311e+00   1.2016821694082058e+00   4.2456625950219490e+01   7.5369938376948426e+01
   5.3473168815260453e+02   2.0596348403621949e+00   1.2070611429808504e+00   4.2572540722994233e+01   6.8646153915587206e+01   2.1237156945942695e+00   1.2418882033958816e+00   4.1400319170248636e+01   7.6226020200629847e+01
   5.7760207412410693e+02   2.1354081847371984e+00   1.2520211547341711e+00   4.1634133470211133e+01   6.9555319608027020e+01   2.2021804256099036e+00   1.2882294615557479e+00   4.0387518629804305e+01   7.7134987991472684e+01
   6.2390945482411519e+02   2.2224320318984319e+00   1.3033601310460301e+00   4.0734329137569460e+01   7.0490944401257295e+01   2.2922011822662900e+00   1.3411258152890144e+00   3.9422358016037336e+01   7.8082339030031008e+01
   6.7392938020386237e+02   2.3214212884283412e+00   1.3615082238509799e+00   3.9878662879992028e+01   7.1440431111641971e+01   2.3945209355863319e+00   1.4010247892007179e+00   3.8508388490385464e+01   7.9053255438547694e+01
   7.2795949154192408e+02   2.4331435947125577e+00   1.4269260568108302e+00   3.9071478926091849e+01   7.2391203148756546e+01   2.5099366690861511e+00   1.4684038218265190e+00   3.7648489545913634e+01   8.0033056518789650e+01
   7.8632129254503695e+02   2.5584221942252188e+00   1.5001066836336086e+00   3.8315974224509219e+01   7.3331170055541193e+01   2.6393023886863607e+00   1.5437726667443146e+00   3.6844834024809003e+01   8.1007686468306474e+01
   8.4936206244120217e+02   2.6981396786373852e+00   1.5815778973556809e+00   3.7614277667979813e+01   7.4249175304959962e+01   2.7835329986274582e+00   1.6276760624936464e+00   3.6098890649822387e+01   8.1964188056219626e+01
   9.1745692244885174e+02   2.8532426384316816e+00   1.6719049312895891e+00   3.6967551365703308e+01   7.5135384390509557e+01   2.9436090918916449e+00   1.7206967356501812e+00   3.5411451910489411e+01   8.2891114812253861e+01
   9.9101106791850327e+02   3.0247471636819330e+00   1.7716935490940395e+00   3.6376104716547040e+01   7.5981579546697660e+01   3.1205826108299095e+00   1.8234587506600184e+00   3.4782680020320363e+01   8.3778843767833209e+01
   1.0704621794291652e+03   3.2137450771545342e+00   1.8815934899107316e+00   3.5839515770286049e+01   7.6781340697769124e+01   3.3155832647294399e+00   1.9366311834243441e+00   3.4212167553942571e+01   8.4619765605856074e+01
   1.1562830271866035e+03   3.4214107434182410e+00   2.0023022140126536e+00   3.5356756831126688e+01   7.7530107492013840e+01   3.5298255477499585e+00   2.0609320716615498e+00   3.3699011567346652e+01   8.5408345991408254e+01
   1.2489842842208420e+03   3.6490082805231334e+00   2.1345688825101417e+00   3.4926322350564796e+01   7.8225131470903563e+01   3.7646161802914713e+00   2.1971325808045372e+00   3.3241900482882663e+01   8.6141067536306110e+01
   1.3491175651226602e+03   3.8978989991589210e+00   2.2791984981775690e+00   3.4546357224022913e+01   7.8865338182610202e+01   4.0213617932992385e+00   2.3460613160346866e+00   3.2839212281184814e+01   8.6816273730033302e+01
   1.4572787084009990e+03   4.1695489004740676e+00   2.4370561301482261e+00   3.4214783193586975e+01   7.9451125171077280e+01   4.3015766803320838e+00   2.5086087054827773e+00   3.2489121299011252e+01   8.7433942945045800e+01
   1.5741113219927602e+03   4.4655360702136031e+00   2.6090711401971447e+00   3.3929420669442742e+01   7.9984123242096089e+01   4.6068904482981878e+00   2.6857313735603552e+00   3.2189709833525335e+01   8.7995422293407685e+01
   1.7003106130224007e+03   4.7875578067999545e+00   2.7962413202323546e+00   3.3688103226675707e+01   8.0466946113765673e+01   4.9390553975223579e+00   2.8784564143226947e+00   3.1939080205783803e+01   8.8503148651036568e+01
   1.8366275246001367e+03   5.1374373093157040e+00   2.9996368375750193e+00   3.3488782398440314e+01   8.0902948840564690e+01   5.2999534498368481e+00   3.0878854607388955e+00   3.1735463057152561e+01   8.8960379044543259e+01
   1.9838732042745803e+03   5.5171297245703359e+00   3.2204038651292093e+00   3.3329621082115395e+01   8.1296009629872430e+01   5.6916024159902214e+00   3.3151984251858635e+00   3.1577318328735601e+01   8.9370946315563742e+01
   2.1429238307291334e+03   5.9287273083714993e+00   3.4597677463549057e+00   3.3209074722622908e+01   8.1650343962133306e+01   6.1161613485206416e+00   3.5616567580699678e+00   3.1463426365783651e+01   8.9739049759155449e+01
   2.3147258274431765e+03   6.3744633934239774e+00   3.7190355089159826e+00   3.3125960246870896e+01   8.1970355012363612e+01   6.5759346618892458e+00   3.8286060340222376e+00   3.1392967632656305e+01   9.0069085077686310e+01
   2.5003014943417024e+03   6.8567147739717571e+00   3.9995974948909518e+00   3.3079513347021710e+01   8.2260520603781529e+01   7.0733746170688283e+00   4.1174776274828551e+00   3.1365590402607410e+01   9.0365513887307586e+01
   2.7007550909442716e+03   7.3780020145099270e+00   4.3029278184810584e+00   3.3069435061485919e+01   8.2525314359089279e+01   7.6110816620123796e+00   4.4297891806246339e+00   3.1381466363184170e+01   9.0632770223625755e+01
   2.9172794072107845e+03   7.9409870658197574e+00   4.6305832933381552e+00   3.3095928653067880e+01   8.2769157216176112e+01   8.1918019916457485e+00   4.7671434955401164e+00   3.1441334295657743e+01   9.0875199872031317e+01
   3.1511628611835936e+03   8.5484674257092141e+00   4.9842003903794119e+00   3.3159727548456878e+01   8.2996394815148079e+01   8.8184215407067423e+00   5.1312253988242675e+00   3.1546531853437827e+01   9.1097027651001326e+01
   3.4037971656601358e+03   9.2033659144450244e+00   5.3654896932635605e+00   3.3262114622899247e+01   8.3211296194664513e+01   9.4939554501775003e+00   5.5237960301237461e+00   3.1699015031333118e+01   9.1302347736207196e+01
   3.6766856095163230e+03   9.9087149477999503e+00   5.7762272136076271e+00   3.3404932441574530e+01   8.3418069532996114e+01   1.0221531855150822e+01   5.9466838979509324e+00   3.1901364262466871e+01   9.1495132487802636e+01
   3.9714520029582063e+03   1.0667633988482345e+01   6.2182418142055189e+00   3.3590583263948993e+01   8.3620891152177336e+01   1.1004368633461215e+01   6.4017719288316588e+00   3.2156775295623163e+01   9.1679255839034781e+01
   4.2898503399303845e+03   1.1483298648286674e+01   6.6933978711556890e+00   3.3822016743594347e+01   8.3823944539484486e+01   1.1845741539405656e+01   6.8909796150012168e+00   3.2469032196449064e+01   9.1858527980051065e+01
   4.6337752351767494e+03   1.2358899713621085e+01   7.2035721937046455e+00   3.4102702387418255e+01   8.4031466640567615e+01   1.2748941940876840e+01   7.4162392504312793e+00   3.2842459094743830e+01   9.2036738732557538e+01
   5.0052731980588824e+03   1.3297590199755806e+01   7.7506241275341443e+00   3.4436583064080864e+01   8.4247799090482744e+01   1.3717222205608245e+01   7.9794651491292017e+00   3.3281846789751107e+01   9.2217707603042840e+01
   5.4065548102164230e+03   1.4302418439128493e+01   8.3363577134575007e+00   3.4828005281170391e+01   8.4477442348809902e+01   1.4753726679028206e+01   8.5825146842948872e+00   3.3792350154488524e+01   9.2405338997300333e+01
   5.8400078795320260e+03   1.5376245225359385e+01   8.9624747874572979e+00   3.5281621715932040e+01   8.4725110892121165e+01   1.5861406213007248e+01   9.2271400012978155e+00   3.4379352574632883e+01   9.2603681469979350e+01
   6.3082116486729783e+03   1.6521643232553409e+01   9.6305180274743751e+00   3.5802261733166013e+01   8.4995787710252202e+01   1.7042914408907151e+01   9.9149293804448870e+00   3.5048294526773347e+01   9.2816990177395923e+01
   6.8139521427567324e+03   1.7740777391154420e+01   1.0341803224834814e+01   3.6394766507688104e+01   8.5294776390547028e+01   1.8300484214550437e+01   1.0647237506038607e+01   3.5804464920739733e+01   9.3049791918370033e+01
   7.3602387474659727e+03   1.9035265723479640e+01   1.1097340539355153e+01   3.7063787019540385e+01   8.5627749115627836e+01   1.9635784362480926e+01   1.1425104393597602e+01   3.6652756026992456e+01   9.3306952314367791e+01
   7.9503221162605005e+03   2.0406021426758294e+01   1.1897745246220214e+01   3.7813545691165942e+01   8.6000789026810182e+01   2.1049756462078665e+01   1.2249163498300526e+01   3.7597385647907196e+01   9.3593744833524283e+01
   8.5877135132419917e+03   2.1853078831846897e+01   1.2743139553160717e+01   3.8647565788907606e+01   8.6420425720277265e+01   2.2542435456473427e+01   1.3119540629777342e+01   3.8641593573982384e+01   9.3915921548336215e+01
   9.2762057067704663e+03   2.3375408318109535e+01   1.3633048490590987e+01   3.9568376807282235e+01   8.6893663265469627e+01   2.4112758684868226e+01   1.4035746764588190e+01   3.9787323138101236e+01   9.4279785785155823e+01
   1.0019895538158953e+04   2.4970728310543532e+01   1.4566294644140159e+01   4.0577208651483822e+01   8.7428001183651205e+01   2.5758371932549267e+01   1.4996569666708304e+01   4.1034902635738298e+01   9.4692267226807814e+01
   1.0823208299740460e+04   2.6635325982014233e+01   1.5540898526061053e+01   4.1673692145737647e+01   8.8031450389043243e+01   2.7475444457961903e+01   1.5999971313286045e+01   4.2382745248705568e+01   9.5161000608901091e+01
   1.1690924067367503e+04   2.8363901915351665e+01   1.6553993486479762e+01   4.2855587693562313e+01   8.8712548192181387e+01   2.9258508732704488e+01   1.7043000289604855e+01   4.3827089539235104e+01   9.5694409919112601e+01
   1.2628206144034964e+04   3.0149457219709316e+01   1.7601765942581807e+01   4.4118567141758305e+01   8.9480378984910544e+01   3.1100343972146884e+01   1.8121730249779496e+01   4.5361805085330644e+01   9.6301800929475959e+01
   1.3640631783878429e+04   3.1983243704579532e+01   1.8679432927111648e+01   4.5456075296755408e+01   9.0344609878500236e+01   3.2991924709898093e+01   1.9231236799145684e+01   4.6978288763539197e+01   9.6993465852365844e+01
   1.4734225379369864e+04   3.3854797810152903e+01   1.9781269017228684e+01   4.6859296325254981e+01   9.1315552853110987e+01   3.4922455767607246e+01   2.0365625215730944e+01   4.8665475772203592e+01   9.7780804708474363e+01
   1.5915494309189535e+04   3.5752076202583666e+01   2.0900693097918616e+01   4.8317245755864555e+01   9.2404266220762125e+01   3.6879512093349192e+01   2.1518119773871085e+01   5.0409984934078047e+01   9.8676468341394170e+01
