f k11 k12 k13 k14 k21 k22 k23 k24
   1.5915494309189536e-03   1.4339604777784494e+00   2.2376336488496511e+00   1.1942345752306512e+02   1.2008501945203118e+02   2.7113571996250503e+01   2.6231175585520493e+01   7.8724742898896380e+01   7.7710675095738949e+01
   1.7258220403758289e-03   1.4502031272977987e+00   2.2497408810175381e+00   1.1938941734162029e+02   1.2005084456643029e+02   2.7110671275218110e+01   2.6228197857452273e+01   7.8703850503071280e+01   7.7689951436995997e+01
   1.8714226885980156e-03   1.4690486627274895e+00   2.2638764417107438e+00   1.1934942778672477e+02   1.2001069677794572e+02   2.7107263995258958e+01   2.6224700129977318e+01   7.8679307081234370e+01   7.7665606212930271e+01
   2.0293070765493009e-03   1.4908713029467338e+00   2.2803611327924771e+00   1.1930245657485405e+02   1.1996353972557843e+02   2.7103262420496254e+01   2.6220592342217060e+01   7.8650479308266398e+01   7.7637011198604853e+01
   2.2005115338310640e-03   1.5160860396442488e+00   2.2995599543884628e+00   1.1924729516629870e+02   1.1990816009790885e+02   2.7098563894750104e+01   2.6215769118739797e+01   7.8616625787343736e+01   7.7603430963775182e+01
   2.3861598209953820e-03   1.5451494787809510e+00   2.3218860281458347e+00   1.1918252975475924e+02   1.1984313850918277e+02   2.7093048408732212e+01   2.6210107272931761e+01   7.8576879287141622e+01   7.7564005250988842e+01
   2.5874705057418843e-03   1.5785597346994023e+00   2.3478041586209142e+00   1.1910650789465974e+02   1.1976681599634907e+02   2.7086575810355001e+01   2.6203462944315753e+01   7.8530226317912408e+01   7.7517728713074362e+01
   2.8057649614145947e-03   1.6168552115081247e+00   2.3778337606396662e+00   1.1901730026965235e+02   1.1967725563873115e+02   2.7078982621230708e+01   2.6195668332036441e+01   7.8475483747707273e+01   7.7463427713340906e+01
   3.0424760402997025e-03   1.6606121469231929e+00   2.4125508276062653e+00   1.1891265711454261e+02   1.1957219881088695e+02   2.7070078425036940e+01   2.6186527989452824e+01   7.8411272167540204e+01   7.7399733899147506e+01
   3.2991574786545171e-03   1.7104408492123131e+00   2.4525885711351001e+00   1.1878995884549805e+02   1.1944901562208238e+02   2.7059641799492862e+01   2.6175814651078557e+01   7.8335985743324713e+01   7.7325054288134240e+01
   3.5774940952007770e-03   1.7669806197837912e+00   2.4986363337014632e+00   1.1864616054557179e+02   1.1930464918846394e+02   2.7047415774708892e+01   2.6163264574525275e+01   7.8247758352807281e+01   7.7237537666077685e+01
   3.8793128500237521e-03   1.8308934093846734e+00   2.5514363709218455e+00   1.1847773011503696e+02   1.1913555354726552e+02   2.7033102818572800e+01   2.6148572398623418e+01   7.8144425910455070e+01   7.7135037198935692e+01
   4.2065948364660589e-03   1.9028562895861574e+00   2.6117781244188238e+00   1.1828058015544957e+02   1.1893762528302726e+02   2.7016359377046911e+01   2.6131385547038022e+01   7.8023484949045411e+01   7.7015069325700907e+01
   4.5614882847292287e-03   1.9835528192702145e+00   2.6804896617328642e+00   1.1804999404615772e+02   1.1870612932739425e+02   2.6996790036753357e+01   2.6111298247540763e+01   7.7882047774400831e+01   7.6874769243895585e+01
   4.9463226625367212e-03   2.0736633396997410e+00   2.7584260420628031e+00   1.1778054723250780e+02   1.1843561995712477e+02   2.6973941432486615e+01   2.6087845294250442e+01   7.7716794864493210e+01   7.6710843650828380e+01
   5.3636239654130018e-03   2.1738541419889921e+00   2.8464544645716110e+00   1.1746602552275256e+02   1.1811985879614865e+02   2.6947296097126355e+01   2.6060495757568283e+01   7.7523925674882634e+01   7.6519521889751559e+01
   5.8161312969418795e-03   2.2847653285731928e+00   2.9454361530786271e+00   1.1709934323552987e+02   1.1775173267697264e+02   2.6916266549582438e+01   2.6028646948144328e+01   7.7299109670040082e+01   7.6296507301418075e+01
   6.3068148478343401e-03   2.4069970565766474e+00   3.0562050095831879e+00   1.1667246539936936e+02   1.1732317558221109e+02   2.6880190040883225e+01   2.5991619070181489e+01   7.7037440253729898e+01   7.6036931427222200e+01
   6.8388953918178978e-03   2.5410937336323713e+00   3.1795431170544921e+00   1.1617633991501980e+02   1.1682510060368313e+02   2.6838324530346377e+01   2.5948651156898276e+01   7.6733395342295950e+01   7.5735314770995515e+01
   7.4158654263155313e-03   2.6875256666083152e+00   3.3161531896162941e+00   1.1560084765649157e+02   1.1624734993031497e+02   2.6789846640186820e+01   2.5898899064360876e+01   7.6380809614750248e+01   7.5385539105063984e+01
   8.0415120966784263e-03   2.8466676714162551e+00   3.4666280736982005e+00   1.1493478086011297e+02   1.1557867325929860e+02   2.6733852528792749e+01   2.5841436499969415e+01   7.5972864951255815e+01   7.4980837771043426e+01
   8.7199420544439212e-03   3.0187742655772123e+00   3.6314174335748786e+00   1.1416586269878843e+02   1.1480674758302776e+02   2.6669362811415255e+01   2.5775260259540069e+01   7.5502107150269140e+01   7.4513811991447255e+01
   9.4556084127843526e-03   3.2039513083075168e+00   3.8107918594709353e+00   1.1328082340057735e+02   1.1391825377554734e+02   2.6595332809914630e+01   2.5699301009225277e+01   7.4960498527411644e+01   7.3976482709484159e+01
   1.0253339976078529e-02   3.4021243432229022e+00   4.0048048701624559e+00   1.1226555021806945e+02   1.1289902735593188e+02   2.6510669481398757e+01   2.5612441025163029e+01   7.4339517172915620e+01   7.3360388641178531e+01
   1.1118372935464306e-02   3.6130044436605360e+00   4.2132536881206475e+00   1.1110532936022562e+02   1.1173430161155697e+02   2.6414256291704117e+01   2.5513540225451866e+01   7.3630314080688066e+01   7.2656741661740355e+01
   1.2056385238417091e-02   3.8360530495399225e+00   4.4356402600050853e+00   1.0978519683590203e+02   1.1040906009237290e+02   2.6304986980962742e+01   2.5401471510341405e+01   7.2823938538027733e+01   7.1856649839583767e+01
   1.3073533857951267e-02   4.0704480781872512e+00   4.6711347516416728e+00   1.0829041106806692e+02   1.0890851137344204e+02   2.6181808527406560e+01   2.5275165776353113e+01   7.1911639474747503e+01   7.0951415776481568e+01
   1.4176495206073746e-02   4.3150544088224603e+00   4.9185445803253529e+00   1.0660705218355376e+02   1.0721869098679366e+02   2.6043772581087360e+01   2.5133665913472335e+01   7.0885245325736491e+01   6.9932912828437281e+01
   1.5372508956757774e-02   4.5684025498950698e+00   5.1762928097790457e+00   1.0472274043158551e+02   1.0532718290883788e+02   2.5890093190600478e+01   2.4976187607209670e+01   6.9737616968638008e+01   6.8794033879085873e+01
   1.6669425566084355e-02   4.8286797188301254e+00   5.4424102165941184e+00   1.0262744929473384e+02   1.0322393601627009e+02   2.5720206855656542e+01   2.4802182919611230e+01   6.8463157507581272e+01   6.7529196663562587e+01
   1.8075757801466408e-02   5.0937374837086100e+00   5.7145452998082424e+00   1.0031436871333131e+02   1.0090213068230976e+02   2.5533829013614209e+01   2.4611400623603355e+01   6.7058349849806859e+01   6.6134876951758955e+01
   1.9600736618185902e-02   5.3611193394690879e+00   5.9899957230913285e+00   9.7780753082334300e+01   9.8359029822603787e+01   2.5330999371152092e+01   2.4403935482083156e+01   6.5522279848677158e+01   6.4610127861217606e+01
   2.1254371750009073e-02   5.6281100039852809e+00   6.2657630200191239e+00   9.5028671375596275e+01   9.5596731312679992e+01   2.5112107514372354e+01   2.4180257601057846e+01   6.3857091861255547e+01   6.2957032750951292e+01
   2.3047517411587677e-02   5.8918058687071646e+00   6.5386299016482825e+00   9.2065567876071768e+01   9.2622729779299945e+01   2.4877890498422467e+01   2.3941213190621390e+01   6.2068318049524194e+01   6.1181033672851576e+01
   2.4991943543906929e-02   6.1492031885452256e+00   6.8052564642507116e+00   8.8904546221907324e+01   8.9450200018258755e+01   2.4629396032644170e+01   2.3687989962480064e+01   6.0165025609379875e+01   5.9291080163851625e+01
   2.7100413070424677e-02   6.3972977283286161e+00   7.0622885236933799e+00   8.5564309588078316e+01   8.6097934494090097e+01   2.4367908525128041e+01   2.3422044083662012e+01   5.8159739091779585e+01   5.7299555982121433e+01
   2.9386765670999633e-02   6.6331873166877360e+00   7.3064688707540340e+00   8.2068725135660699e+01   8.2589902853883089e+01   2.4094840256133207e+01   2.3144990726821106e+01   5.6068117650015168e+01   5.5221963792562427e+01
   3.1866008623488103e-02   6.8541676875986415e+00   7.5347410942061428e+00   7.8446026522302319e+01   7.8954447262045619e+01   2.3811595464103330e+01   2.2858465950086213e+01   5.3908396326570049e+01   5.3076376742137576e+01
   3.4554415309280155e-02   7.0578124956596726e+00   7.7443361706055249e+00   7.4727715896469519e+01   7.5223175216226878e+01   2.3519420000929149e+01   2.2563972723285367e+01   5.1700631080050492e+01   5.0882696085107035e+01
   3.7469632029350677e-02   7.2420304917480536e+00   7.9328342950343309e+00   7.0947266571457988e+01   7.1429651470786311e+01   2.3219252323718390e+01   2.2262727224270172e+01   4.9465812950532460e+01   4.8661779387478440e+01
   4.0630793831950091e-02   7.4050961619467364e+00   8.0981980194610852e+00   6.7138751102661445e+01   6.7608014348485113e+01   2.2911592216480877e+01   2.1955522284777363e+01   4.7224932299790957e+01   4.6434519141764532e+01
   4.4058650112210385e-02   7.5456539900527622e+00   8.2387769483258833e+00   6.3335522358768500e+01   6.3791644634927813e+01   2.2596401703138991e+01   2.1642622956176904e+01   4.4998076696374468e+01   4.4220954142404580e+01
   4.7775700808083625e-02   7.6627001331352727e+00   8.3532881834992061e+00   5.9569058116503605e+01   6.0011998166742366e+01   2.2273048710206513e+01   2.1323705165551218e+01   4.2803636242654612e+01   4.2039486208535564e+01
   5.1806344086582599e-02   7.7555480520558158e+00   8.4407797104808751e+00   5.5868047982025153e+01   5.6297681438443000e+01   2.1940299178547843e+01   2.0997843377051652e+01   4.0657671279697290e+01   3.9906256091310752e+01
   5.6177036489714408e-02   7.8237861350608675e+00   8.5005855605080161e+00   5.2257762839838769e+01   5.2673810896198887e+01   2.1596358581794622e+01   2.0663548183378328e+01   3.8573474288535209e+01   3.7834709471749441e+01
   6.0916466591280749e-02   7.8672355187549545e+00   8.5322817834376270e+00   4.8759709413039793e+01   4.9161658958634540e+01   2.1238959967488533e+01   2.0318850672806647e+01   3.6561335197530497e+01   3.5835361585247611e+01
   6.6055743304402392e-02   7.8859153162657742e+00   8.5356511993387585e+00   4.5391541862174257e+01   4.5778559202811849e+01   2.0865492995256712e+01   1.9961427606951712e+01   3.4628500655709090e+01   3.3915750644937170e+01
   7.1628600075790541e-02   7.8800206068956644e+00   8.5106628784848191e+00   4.2167181822677883e+01   4.2538022744574469e+01   2.0473166825692164e+01   1.9588759767334899e+01   3.2779304723291517e+01   3.2080557466349980e+01
   7.7671616307065316e-02   7.8499161492896281e+00   8.4574696731485215e+00   3.9097088362005408e+01   3.9450008077165720e+01   2.0059198625772833e+01   1.9198314815336079e+01   3.1015440723148028e+01   3.0331861387046640e+01
   8.4224457456498619e-02   7.7961461392830946e+00   8.3764241974075393e+00   3.6188618600351958e+01   3.6521286030414387e+01   1.9621018351627804e+01   1.8787745104475601e+01   2.9336340441991499e+01   2.8669499469783926e+01
   9.1330135397172996e-02   7.7194576893533515e+00   8.2681106892318113e+00   3.3446425823751291e+01   3.3755847644464005e+01   1.9156478978315786e+01   1.8355089688925450e+01   2.7739625875100156e+01   2.7091495447528988e+01
   9.9035290740508750e-02   7.6208332916852735e+00   8.1333874528609051e+00   3.0872852331391634e+01   3.1155313047204096e+01   1.8664059454347782e+01   1.7898968225335164e+01   2.6221598985775433e+01   2.5594525559760218e+01
   1.0739049897828891e-01   7.5015255976433641e+00   7.9734323638904074e+00   2.8468286828425658e+01   2.8719311649046205e+01   1.8143045768332939e+01   1.7418752905579943e+01   2.4777735893661706e+01   2.4174389650063880e+01
   1.1645060245265286e-01   7.3630866920638161e+00   7.7897825626524950e+00   2.6231469179498418e+01   2.6445816374871985e+01   1.7593674374873480e+01   1.6914703662125188e+01   2.3403153638124696e+01   2.2826457686096671e+01
   1.2627507033305965e-01   7.2073839436138956e+00   7.5843592968687341e+00   2.4159737427967062e+01   2.4331425925883888e+01   1.7017222724683815e+01   1.6388052473834129e+01   2.2093020799665666e+01   2.1546064785616640e+01
   1.3692838896305690e-01   7.0365956607682181e+00   7.3594701282977146e+00   2.2249222061810702e+01   2.2371598210852618e+01   1.6416034498550268e+01   1.5841025337544911e+01   2.0842888488474415e+01   2.0328832566141163e+01
   1.4848048513903292e-01   6.8531821645589357e+00   7.1177833844424390e+00   2.0494999674624449e+01   2.0560844385142907e+01   1.5793472578076049e+01   1.5276795571449403e+01   1.9648925824566359e+01   1.9170901534739997e+01
   1.6100718509929063e-01   6.6598312167893354e+00   6.8622734897989863e+00   1.8891221823181198e+01   1.8892895987975404e+01   1.5153800301289325e+01   1.4699369125768467e+01   1.8508053637779756e+01   1.8069068004562165e+01
   1.7459071223617978e-01   6.4593804609104852e+00   6.5961400143257816e+00   1.7431234875949730e+01   1.7360857511715594e+01   1.4501999935927071e+01   1.4113410375989707e+01   1.7417980561267306e+01   1.7020828657174810e+01
   1.8932022679819402e-01   6.2547229320841939e+00   6.3227071108612218e+00   1.6107703436681106e+01   1.5957353925923266e+01   1.3843544907385837e+01   1.3524023939405637e+01   1.6377155347103027e+01   1.6024344871075623e+01
   2.0529241112456026e-01   6.0487040977860538e+00   6.0453126989804415e+00   1.4912744567515279e+01   1.4674678231647373e+01   1.3184147533281763e+01   1.2936512901891769e+01   1.5384656458993325e+01   1.5078345774215002e+01
   2.2261210425370961e-01   5.8440198571641968e+00   5.7671977815388580e+00   1.3838073965714660e+01   1.3504939302612648e+01   1.2529505777395929e+01   1.2356135489899918e+01   1.4440043656914877e+01   1.4181992562916038e+01
   2.4139299007110626e-01   5.6431243671857692e+00   5.4914055584184522e+00   1.2875159923490399e+01   1.2440206267454313e+01   1.1885070641399736e+01   1.1787880495735813e+01   1.3543196074595523e+01   1.3334726638277669e+01
   2.6175834351333677e-01   5.4481547411006312e+00   5.2206978526198160e+00   1.2015377410300591e+01   1.1472643308253822e+01   1.1255850938367153e+01   1.1236277296974928e+01   1.2694157759123829e+01   1.2536121031034105e+01
   2.8384183972642707e-01   5.2608770834925931e+00   4.9574933919109103e+00   1.1250153431001536e+01   1.0594628257633463e+01   1.0646265611431341e+01   1.0705250288391882e+01   1.1893005962187157e+01   1.1785749489681624e+01
   3.0778843148958801e-01   5.0826555569142204e+00   4.7038293786308385e+00   1.0571095749744980e+01   9.7988495144748171e+00   1.0060046918153381e+01   1.0198021301813940e+01   1.1139751026825815e+01   1.1083081781863296e+01
   3.3375530066366299e-01   4.9144436995565570e+00   4.4613451047895980e+00   9.9700994688495808e+00   9.0783779762356644e+00   9.5001919112644888e+00   9.7170582373422079e+00   1.0434270713723171e+01   1.0427408347633042e+01
   3.6191288990944492e-01   4.7567953341012341e+00   4.2312844793986040e+00   9.4394289587297475e+00   8.4267132187815132e+00   8.9689554541058154e+00   9.2640643325152574e+00   9.7762770554002412e+00   9.8177932106733046e+00
   3.9244602144791174e-01   4.6098912352741968e+00   4.0145133344896937e+00   8.9717754725197540e+00   7.8378054668900337e+00   8.4678757417918860e+00   8.8400004303850750e+00   9.1653106380715048e+00   9.2530513231270710e+00
   4.2555511020574815e-01   4.4735772191966641e+00   3.8115471731434241e+00   8.5602929283653513e+00   7.3060566337371862e+00   7.9978227697643760e+00   8.4451320633304388e+00   8.6007555174668919e+00   8.7317452405978759e+00
   4.6145747930906977e-01   4.3474093585871572e+00   3.6225854091806671e+00   8.1986155979075157e+00   6.8263047405672195e+00   7.5590609694900976e+00   8.0790937200220636e+00   8.0818674631290346e+00   8.2521959060809973e+00
   5.0038878656004560e-01   4.2307024639594095e+00   3.4475488803667020e+00   7.8808618613452719e+00   6.3937964094823467e+00   7.1513188091589566e+00   7.7409638308912454e+00   7.6078084990279891e+00   7.8125029757887159e+00
   5.4260457125960215e-01   4.1225786598338479e+00   3.2861182739477068e+00   7.6016279995248688e+00   6.0041520001856172e+00   6.7738600704611978e+00   7.4293453853658562e+00   7.1776814107624558e+00   7.4105711643063348e+00
   5.8838193152932949e-01   4.0220137062095622e+00   3.1377719183074873e+00   7.3559754636700996e+00   5.6533275071135227e+00   6.4255534011219266e+00   7.1424484058092226e+00   6.7905587809094570e+00   7.0441402100670087e+00
   6.3802134314226500e-01   3.9278795713305867e+00   3.0018220647177856e+00   7.1394144294982507e+00   5.3375766953461570e+00   6.1049383689501369e+00   6.8781716113212115e+00   6.4455021002991701e+00   6.7108170492517543e+00
   6.9184863180110878e-01   3.8389825729638676e+00   2.8774492649259011e+00   6.9478858580789735e+00   5.0534162379288272e+00   5.8102874798361901e+00   6.6341814818736173e+00   6.1415676289608596e+00   6.4081095173174072e+00
   7.5021711180959050e-01   3.7540971080145478e+00   2.7637347464580677e+00   6.7777438131943555e+00   4.7975958881029364e+00   5.5396644311384780e+00   6.4079876145153536e+00   5.8777970859114506e+00   6.1334613354065297e+00
   8.1350990517492794e-01   3.6719955340094597e+00   2.6596908310666976e+00   6.6257394119481257e+00   4.5670750124575026e+00   5.2909792792547101e+00   6.1970137976530379e+00   5.6531930829721020e+00   5.8842883094455249e+00
   8.8214245636360422e-01   3.5914751137793886e+00   2.5642894793986897e+00   6.4890074537613929e+00   4.3590061454694036e+00   5.0620412735484415e+00   5.9986646445438163e+00   5.4666815275656679e+00   5.6580156376876483e+00
   9.5656525921695146e-01   3.5113830630797551e+00   2.4764890222638893e+00   6.3650564082382708e+00   4.1707256184122894e+00   4.8506099369945819e+00   5.8103879146174062e+00   5.3170658120848655e+00   5.4521160679282996e+00
   1.0372668139256183e+00   3.4306406410359620e+00   2.3952590897461898e+00   6.2517619798072523e+00   3.9997507822080967e+00   4.6544446487106796e+00   5.6297327722579364e+00   5.2029799921664122e+00   5.2641484422871212e+00
   1.1247768334720383e+00   3.3482669040131121e+00   2.3196036916941738e+00   6.1473638723262427e+00   3.8437828991749052e+00   4.4713525857563976e+00   5.4544041406417163e+00   5.1228496214213894e+00   5.0917959676683875e+00
   1.2196697205875389e+00   3.2634022370367575e+00   2.2485823409019510e+00   6.0504646637317752e+00   3.7007144330978554e+00   4.2992344739427661e+00   5.2823129794577461e+00   5.0748687843943623e+00   4.9329033803564020e+00
   1.3225683380462934e+00   3.1753311459718372e+00   2.1813290410098096e+00   5.9600289438030245e+00   3.5686392252312835e+00   4.1361272258820172e+00   5.1116217779259632e+00   5.0569998789039712e+00   4.7855120408771139e+00
   1.4341480970437761e+00   3.0835031360499792e+00   2.1170688845464558e+00   5.8753802062632969e+00   3.4458639066505348e+00   3.9802422461948841e+00   4.9407839055093454e+00   5.0669992121337692e+00   4.6478919013318345e+00
   1.5551413904952365e+00   2.9875499467867859e+00   2.0551319309680913e+00   5.7961926104408636e+00   3.3309188657986639e+00   3.8299979954670502e+00   4.7685748647595769e+00   5.1024674343537066e+00   4.5185692397114092e+00
   1.6863424003536740e+00   2.8872971015871913e+00   1.9949639778876325e+00   5.7224748423111187e+00   3.2225671671630023e+00   3.6840453651384193e+00   4.5941131430120583e+00   5.1609203629431448e+00   4.3963490741457427e+00
   1.8286123105018732e+00   2.7827677838312144e+00   1.9361338231006537e+00   5.6545440652918950e+00   3.1198100053385294e+00   3.5412845581651604e+00   4.4168684447374673e+00   5.2398736617763815e+00   4.2803312812499810e+00
   1.9828849594351112e+00   2.6741775294295609e+00   1.8783366583147363e+00   5.5929893861589859e+00   3.0218875738815925e+00   3.4008725066173637e+00   4.2366557059711782e+00   5.3369343566454353e+00   4.1699196669790677e+00
   2.1501729698379122e+00   2.5619190914785950e+00   1.8213933436620184e+00   5.5386262087943274e+00   2.9282746128212978e+00   3.2622203629788382e+00   4.0536144150464004e+00   5.4498929616317895e+00   4.0648235771767469e+00
   2.3315743952885053e+00   2.4465379424653366e+00   1.7652454773264288e+00   5.4924449420259185e+00   2.8386703414679064e+00   3.1249812143176570e+00   3.8681742116224873e+00   5.5768114758869416e+00   3.9650520675525129e+00
   2.5282799277189110e+00   2.3287000122563635e+00   1.7099463799784094e+00   5.4555592623547868e+00   2.7529829470023626e+00   2.9890288025932930e+00   3.6810092231679836e+00   5.7161041299896942e+00   3.8709011445099990e+00
   2.7415807129394136e+00   2.2091541777198542e+00   1.6556483407613571e+00   5.4291600057028004e+00   2.6713092516614205e+00   2.8544286096974552e+00   3.4929848162789376e+00   5.8666091619232494e+00   3.7829351047741651e+00
   2.9728768255273010e+00   2.0886925392588940e+00   1.6025867053746414e+00   5.4144804520209364e+00   2.5939106007189010e+00   2.7214031310598767e+00   3.3051011551769816e+00   6.0276509561682898e+00   3.7019635182041211e+00
   3.2236864587078036e+00   1.9681115658922190e+00   1.5510616140904678e+00   5.4127772682653301e+00   2.5211863861523636e+00   2.5902935025573770e+00   3.1184380785103682e+00   6.1990926236374184e+00   3.6290158955121115e+00
   3.4956558895482686e+00   1.8481768094974156e+00   1.5014183999698907e+00   5.4253290325482411e+00   2.4536469296250463e+00   2.4615198739534581e+00   2.9341053869940414e+00   6.3813796595129224e+00   3.5653165349782876e+00
   3.7905702848755478e+00   1.7295932173002917e+00   1.4540278065416870e+00   5.4534516629330669e+00   2.3918876631954209e+00   2.3355430574564870e+00   2.7532018444295310e+00   6.5755758284749932e+00   3.5122624076939588e+00
   4.1103654188451237e+00   1.6129822849201108e+00   1.4092672440410767e+00   5.4985278512523479e+00   2.3365666266590912e+00   2.2128300385824806e+00   2.5767852345253344e+00   6.7833929903818424e+00   3.4714071677991796e+00
   4.4571403790742714e+00   1.4988665536328212e+00   1.3675042429966824e+00   5.5620462270411046e+00   2.2883872118255453e+00   2.0938259385991684e+00   2.4058548571382454e+00   7.0072172253484517e+00   3.4444544247138191e+00
   4.8331713447404461e+00   1.3876613876276558e+00   1.3290830719406361e+00   5.6456456331728839e+00   2.2480878179114225e+00   1.9789350062986018e+00   2.2413469927921690e+00   7.2501343152965561e+00   3.4332632923061528e+00
   5.2409265270823431e+00   1.2796736497263828e+00   1.2943151787884786e+00   5.7511604744822664e+00   2.2164396696969400e+00   1.8685132735105086e+00   2.0841431328849911e+00   7.5159583325166066e+00   3.4398689966493028e+00
   5.6830823703707170e+00   1.1751068840673335e+00   1.2634737349429856e+00   5.8806642967611946e+00   2.1942535590337151e+00   1.7628757547278311e+00   1.9350900935708355e+00   7.8092677379324744e+00   3.4665210925481835e+00
   6.1625411196898936e+00   1.0740729810282783e+00   1.2367921624120704e+00   6.0365101923390787e+00   2.1823957878456235e+00   1.6623216438298589e+00   1.7950303253452458e+00   8.1354540265179125e+00   3.5157417506144628e+00
   6.6824498708420839e+00   9.7661117943492182e-01   1.2144661592192505e+00   6.2213679752686621e+00   2.1818131992015966e+00   1.5671819588955660e+00   1.6648394818947991e+00   8.5007886837050233e+00   3.5904067732882461e+00
   7.2462212274154325e+00   8.8271694894751263e-01   1.1966584431652121e+00   6.4382590758388005e+00   2.1935669383560743e+00   1.4778954529613082e+00   1.5454661496989668e+00   8.9125152464689013e+00   3.6938526058952732e+00
   7.8575557006055572e+00   7.9238642158656436e-01   1.1835052220053885e+00   6.6905906005126248e+00   2.2188745039491704e+00   1.3951198716728450e+00   1.4379650198915486e+00   9.3789749477664763e+00   3.8300137400098531e+00
   8.5204659988197111e+00   7.0568792070158459e-01   1.1751232595292456e+00   6.9821898536836802e+00   2.2591597007355371e+00   1.3198853425651176e+00   1.3435094655371913e+00   9.9097773494876940e+00   4.0035966809071528e+00
   9.2393033664970279e+00   6.2288340626455407e-01   1.1716163116253953e+00   7.3173396651862044e+00   2.3161102096448407e+00   1.2537913312131166e+00   1.2633634939302223e+00   1.0516032558771036e+01   4.2202992299579396e+00
   1.0018786145028722e+01   5.4464400487955555e-01   1.1730796074972754e+00   7.7008128805598686e+00   2.3917425135941492e+00   1.1992313787175639e+00   1.1987902291432038e+00   1.1210670903557956e+01   4.4870874585282134e+00
   1.0864030743248113e+01   4.7243994123881233e-01   1.1796008900945731e+00   8.1379009943171869e+00   2.4884736544880965e+00   1.1595913971142586e+00   1.1508819894797877e+00   1.2008892583886736e+01   4.8125477831585588e+00
   1.1780585220775952e+01   4.0921878034476133e-01   1.1912562426311626e+00   8.6344266254333917e+00   2.6091984530772327e+00   1.1393058618301541e+00   1.1203233003774893e+00   1.2928819548996442e+01   5.2073385006573707e+00
   1.2774465704657215e+01   3.6036536173760775e-01   1.2080984590372446e+00   9.1967216843647694e+00   2.7573689843764231e+00   1.1436058747901423e+00   1.1071394011394444e+00   1.3992474421812265e+01   5.6847746682154749e+00
   1.3852195878322835e+01   3.3411961411947078e-01   1.2301350465348835e+00   9.8315419898557277e+00   2.9370697203742293e+00   1.1778486966017505e+00   1.1105140868418319e+00   1.5227302485282983e+01   6.2615930964914392e+00
   1.5020849802075761e+01   3.3900967637107726e-01   1.2572921555408860e+00   1.0545874557193073e+01   3.1530762077161771e+00   1.2465605694583348e+00   1.1287490287343256e+00   1.6668606121546855e+01   6.9589612493676256e+00
   1.6288098346169015e+01   3.7808574635555087e-01   1.2893601024811481e+00   1.1346577251040040e+01   3.4108770081822883e+00   1.3526104592836063e+00   1.1593809077940382e+00   1.8363506551153318e+01   7.8038156226238584e+00
   1.7662259541255214e+01   4.4729462171381923e-01   1.3259163748187068e+00   1.2239777599684187e+01   3.7166283859045963e+00   1.4969104265770674e+00   1.1994211392639096e+00   2.0377409014761501e+01   8.8306420221834294e+00
   1.9152353176700533e+01   5.4020704189579316e-01   1.3662244486005903e+00   1.3229962578524537e+01   4.0770019430254898e+00   1.6786629104469479e+00   1.2456910041465508e+00   2.2804402734499078e+01   1.0083842691263028e+01
   2.0768160005138377e+01   6.5164303408299007e-01   1.4091136561915985e+00   1.4318743178926690e+01   4.4988857287286956e+00   1.8959051803996931e+00   1.2953051815137853e+00   2.5783422316398944e+01   1.1620877503186788e+01
   2.2520285941872707e+01   7.7796085524519398e-01   1.4528595187788309e+00   1.5503424402481658e+01   4.9889274786042899e+00   2.1462711601459525e+00   1.3464837097517433e+00   2.9521933826209590e+01   1.3516435842667034e+01
   2.4420231680525823e+01   9.1615398922337787e-01   1.4951068265233196e+00   1.6775808819117614e+01   5.5529939983655039e+00   2.4283738703428317e+00   1.4000075283218500e+00   3.4327786500590271e+01   1.5868046290993380e+01
   2.6480468181878059e+01   1.0630003409564024e+00   1.5329045206575220e+00   1.8122126178756179e+01   6.1957942100496179e+00   2.7447909572301001e+00   1.4616879732713848e+00   4.0647570916544929e+01   1.8803894027564553e+01
   2.8714518531396621e+01   1.2145699708535294e+00   1.5629342527587045e+00   1.9525492531685821e+01   6.9211740816337732e+00   3.1081841110776631e+00   1.5459332319513630e+00   4.9108372110518111e+01   2.2494446189592214e+01
   3.1137046702753675e+01   1.3661888609353068e+00   1.5819815535180317e+00   2.0972523937644848e+01   7.7338558673445279e+00   3.5522414044784356e+00   1.6793904252603113e+00   6.0564545224863807e+01   2.7171181697918986e+01
   3.3763953809965145e+01   1.5129081999404845e+00   1.5875948273715181e+00   2.2465262682180132e+01   8.6434939508070023e+00   4.1479433349149275e+00   1.9019509487557644e+00   7.6167779572399354e+01   3.3158826052926607e+01
   3.6612482479934059e+01   1.6503989947726374e+00   1.5787293079081384e+00   2.4038542047620989e+01   9.6717701542823988e+00   5.0224953547687461e+00   2.2633321867925766e+00   9.7507387150038596e+01   4.0932912707350312e+01
   3.9701330030485103e+01   1.7760116120503660e+00   1.5560774812188611e+00   2.5782647664616231e+01   1.0863175010376022e+01   6.3773623304488058e+00   2.8203493917588416e+00   1.2690611422145149e+02   5.1224566964521451e+01
   4.3050771196772907e+01   1.8896851076815460e+00   1.5218260089350029e+00   2.7873906471472615e+01   1.2300972675569779e+01   8.5142870179365406e+00   3.6455686359925989e+00   1.6801886742061828e+02   6.5215387689221444e+01
   4.6682791211623368e+01   1.9945982783969722e+00   1.4786411514559028e+00   3.0623132417669723e+01   1.4132403416304930e+01   1.1904773477933070e+01   4.8544321990386345e+00   2.2701626278761577e+02   8.4910341687017407e+01
   5.0621230113326831e+01   2.0978217967042871e+00   1.4272662161591327e+00   3.4559748541252873e+01   1.6609343254027554e+01   1.7362046449752761e+01   6.6564209627945612e+00   3.1489371852834796e+02   1.1385509245924335e+02
   5.4891939228097343e+01   2.2110154239401165e+00   1.3596711029584196e+00   4.0534828282451279e+01   2.0128233937794292e+01   2.6374214872200316e+01   9.4352295971681350e+00   4.5138080798682728e+02   1.5831092068030142e+02
   5.9522950854326901e+01   2.3451967956191218e+00   1.2355431296639252e+00   4.9398369409323138e+01   2.5018215799981032e+01   4.1285034759092774e+01   1.3737902140968671e+01   6.6469479142893181e+02   2.2686187137141675e+02
   6.4544662262416296e+01   2.4593171500346966e+00   9.2961968527756433e-01   5.8425033112463069e+01   2.9600224210058236e+01   6.1662938730052424e+01   1.9084518168428172e+01   9.3329561975456420e+02   3.1080972742256478e+02
   6.9990035217928806e+01   2.4085877625292667e+00   4.0284271685399264e-01   5.5768535506539266e+01   2.7527575552687935e+01   7.2533946694462358e+01   2.0923096126775455e+01   1.0323347632908444e+03   3.3613541073397869e+02
   7.5894812337709354e+01   2.2923886797314728e+00   2.7857253092558570e-01   4.3008695108239309e+01   2.0021383836207992e+01   6.6894963310976138e+01   1.8048767272701291e+01   8.9578391906040827e+02   2.8556389009357292e+02
   8.2297751699096281e+01   2.2588332156610962e+00   4.5854861706847028e-01   3.2545522044739663e+01   1.3787848383465869e+01   5.8595995212799814e+01   1.4855654968398735e+01   7.3871444846612712e+02   2.3072177889103912e+02
   8.9240881242167589e+01   2.2819521779665881e+00   5.5997439971247931e-01   2.6089174027015755e+01   9.7215564228114673e+00   5.2686082818151647e+01   1.2618687261142767e+01   6.2572113994862548e+02   1.9149221468111361e+02
   9.6769774634877606e+01   2.3320530944272639e+00   6.1196587092073218e-01   2.2208013790955455e+01   7.0908493339039413e+00   4.8934957416809127e+01   1.1137130338540191e+01   5.4788961333463089e+02   1.6422361946352112e+02
   1.0493385041182417e+02   2.3971996933627091e+00   6.4063225858448980e-01   1.9821564686542096e+01   5.3738057757339037e+00   4.6595077632676613e+01   1.0139064507692552e+01   4.9225101609873741e+02   1.4438116554790298e+02
   1.1378669635014843e+02   2.4726782058542121e+00   6.5880498676878274e-01   1.8314672884894350e+01   4.3051075454304302e+00   4.5120656713243463e+01   9.4462091912192836e+00   4.5027902560353374e+02   1.2906787095844766e+02
   1.2338642121171932e+02   2.5561258779537193e+00   6.7287587764792711e-01   1.7342730498687388e+01   3.7503199959269988e+00   4.4151862838947849e+01   8.9489551259570455e+00   4.1680043653895706e+02   1.1656189504802947e+02
   1.3379603616039009e+02   2.6459263281344767e+00   6.8618811126558277e-01   1.6708135236219164e+01   3.5998167293945467e+00   4.3450972572407210e+01   8.5790414302693776e+00   3.8868989028623702e+02   1.0584688565756699e+02
   1.4508386835789162e+02   2.7407952987533042e+00   7.0058482764106433e-01   1.6295318183157210e+01   3.7226756080768135e+00   4.2862595629966783e+01   8.2936245295651485e+00   3.6408283355911288e+02   9.6333739628869793e+01
   1.5732400945314112e+02   2.8397743734084511e+00   7.1716549105647964e-01   1.6036514585513824e+01   3.9929292569978667e+00   4.2291496084645800e+01   8.0664575673953767e+00   3.4191828996337335e+02   8.7698688844720721e+01
   1.7059680190878888e+02   2.9423102141269504e+00   7.3668194838416612e-01   1.5892734630425656e+01   4.3210153169873164e+00   4.1688041496218617e+01   7.8825796395037537e+00   3.2164858983742170e+02   7.9780796527296616e+01
   1.8498936635717314e+02   3.0482745170060732e+00   7.5974925368706503e-01   1.5842349741696454e+01   4.6546744098524027e+00   4.1035906190454227e+01   7.7346523999657970e+00   3.0303591281193479e+02   7.2511805246696184e+01
   2.0059617344717333e+02   3.1578842969623415e+00   7.8695034559225152e-01   1.5873792106294793e+01   4.9669965367469500e+00   4.0340577697839038e+01   7.6201933662978139e+00   2.8600554901147979e+02   6.5867835134779270e+01
   2.1751966393547332e+02   3.2715491387029791e+00   8.1887879118013529e-01   1.5980795149967548e+01   5.2459805970126521e+00   3.9619260793013211e+01   7.5394926899788439e+00   2.7054618404836282e+02   5.9838634825672997e+01
   2.3587092109242766e+02   3.3896982153249273e+00   8.5614856859006994e-01   1.6159400539728079e+01   5.4879201681882668e+00   3.8893124761143106e+01   7.4941595713258797e+00   2.5665073528016165e+02   5.4410955867352172e+01
   2.5577039983610112e+02   3.5126324669013478e+00   8.9938949669946189e-01   1.6406232469151234e+01   5.6935149022194098e+00   3.8182278324404400e+01   7.4862249174619695e+00   2.4428872201845263e+02   4.9562066574975205e+01
   2.7734871738040289e+02   3.6404255068013840e+00   9.4923849545266126e-01   1.6717641551400799e+01   5.8656239072354968e+00   3.7503181849888435e+01   7.5176751091948919e+00   2.3339954726573390e+02   4.5259393736023981e+01
   3.0074751058702168e+02   3.7728771322666992e+00   1.0063308911899700e+00   1.7089399801359651e+01   6.0079965294059701e+00   3.6867832503878681e+01   7.5902733814501495e+00   2.2389711175102619e+02   4.1463057946241854e+01
   3.2612036564868407e+02   3.9095122937285764e+00   1.0712927032696116e+00   1.7516715633464681e+01   6.1245889185100175e+00   3.6284015625221741e+01   7.7055439896573787e+00   2.1567884145492397e+02   3.8129188244882911e+01
   3.5363382620604546e+02   4.0496148793617905e+00   1.1447336326020652e+00   1.7994419679434703e+01   6.2192265080861002e+00   3.5756062418983660e+01   7.8648300863239369e+00   2.0863503714515059e+02   3.5212906052052666e+01
   3.8346848651533196e+02   4.1922860487790041e+00   1.2272403894034285e+00   1.8517233772373508e+01   6.2954622314327819e+00   3.5285748888867978e+01   8.0693712306377154e+00   2.0265662650485973e+02   3.2670558830119418e+01
   4.1582017684213605e+02   4.3365182002777853e+00   1.3193702950284185e+00   1.9080073082308438e+01   6.3565376256365180e+00   3.4873135983821818e+01   8.3203724456464396e+00   1.9764074628887147e+02   3.0461167758210873e+01
   4.5090124886210816e+02   4.4812766528199361e+00   1.4216453352532901e+00   1.9678349813497011e+01   6.4053916441969214e+00   3.4517263573168215e+01   8.6190527921858049e+00   1.9349426923034883e+02   2.8547221324991796e+01
   4.8894196950571518e+02   4.6255816225624136e+00   1.5345468551124923e+00   2.0308253568539765e+01   6.4446864137881805e+00   3.4216676819889386e+01   8.9666698601561556e+00   1.9013565889560863e+02   2.6894990662421044e+01
   5.3019203239606998e+02   4.7685834734455135e+00   1.6585108614226018e+00   2.0966985232137468e+01   6.4768344765813790e+00   3.3969796860059759e+01   9.3645202346321454e+00   1.8749558086838709e+02   2.5474528178654996e+01
   5.7492219680067797e+02   4.9096249758003383e+00   1.7939235247343408e+00   2.1652922714370920e+01   6.5040212080791484e+00   3.3775161250887045e+01   9.8139171274859471e+00   1.8551664518047164e+02   2.4259476347715037e+01
   6.2342606485492627e+02   5.0482856548527142e+00   1.9411160734519946e+00   2.2365700506691699e+01   6.5282211570744408e+00   3.3631562344871170e+01   1.0316146418935393e+01   1.8415257021128122e+02   2.3226776775174709e+01
   6.7602200872276444e+02   5.1844051962917366e+00   2.1003579732215854e+00   2.3106191199653043e+01   6.5512094229201310e+00   3.3538108981291991e+01   1.0872402123984482e+01   1.8336697380253275e+02   2.2356338251941292e+01
   7.3305526034415539e+02   5.3180850095831600e+00   2.2718471759829915e+00   2.3876385063216016e+01   6.5745698345439516e+00   3.3494231717514928e+01   1.1483702170132744e+01   1.8313192550272265e+02   2.1630698399000245e+01
   7.9490017748610489e+02   5.4496690519590549e+00   2.4556963488769070e+00   2.4679172136905184e+01   6.5997013376758300e+00   3.3499646012039754e+01   1.2150785517011039e+01   1.8342633861564957e+02   2.1034696394018162e+01
   8.6196270097126376e+02   5.5797065711485301e+00   2.6519143507546397e+00   2.5518038782483231e+01   6.6278231858202048e+00   3.3554282428067715e+01   1.2873992159660730e+01   1.8423424294579880e+02   2.0555163096473958e+01
   9.3468301921301600e+02   5.7089003849030853e+00   2.8603827790838707e+00   2.6396696611411585e+01   6.6599786936037635e+00   3.3658188812571893e+01   1.3653128517426392e+01   1.8554295872445849e+02   2.0180628463995049e+01
   1.0135384575466522e+03   5.8380447238555853e+00   3.0808281150721513e+00   2.7318666019056138e+01   6.6970367451023591e+00   3.3811407031497836e+01   1.4487322200059454e+01   1.8734118849930317e+02   1.9901043384804435e+01
   1.0990466113217497e+03   5.9679567066872652e+00   3.3127908009118552e+00   2.8286839565127643e+01   6.7396901173310360e+00   3.4013826469553273e+01   1.5374872206483898e+01   1.8961705519565669e+02   1.9707512991723533e+01
   1.1917687433209408e+03   6.0994054290674153e+00   3.5555934394688125e+00   2.9303052568724279e+01   6.7884500191350075e+00   3.4265018128571121e+01   1.6313103200872884e+01   1.9235613814392491e+02   1.9592040355365356e+01
   1.2923134678052122e+03   6.2330426228418041e+00   3.8083111492213573e+00   3.0367689780147476e+01   6.8436369955277785e+00   3.4564056487209918e+01   1.7298235416798018e+01   1.9553958995009469e+02   1.9547282446785935e+01
   1.4013407453672291e+03   6.3693389595692196e+00   4.0697478412494874e+00   3.1479357724041659e+01   6.9053693672175731e+00   3.4909340711575680e+01   1.8325284541987251e+01   1.9914244927663103e+02   1.9566323709562344e+01
   1.5195662148143570e+03   6.5085302717733278e+00   4.3384226739628824e+00   3.2634651749998476e+01   6.9735514676685337e+00   3.5298431411398361e+01   1.9388007983494322e+01   2.0313229015477884e+02   1.9642475766406839e+01
   1.6477658905151720e+03   6.6505780589772980e+00   4.6125710104135882e+00   3.3828044150648758e+01   7.0478648695039068e+00   3.5727922734976104e+01   2.0478914377334025e+01   2.0746835911924637e+02   1.9769113961656181e+01
   1.7867812560421839e+03   6.7951483751539143e+00   4.8901636682872791e+00   3.5051914015054791e+01   7.1277663089551178e+00   3.6193370888398491e+01   2.1589351225163963e+01   2.1210133988761072e+02   1.9939561904481980e+01
   1.9375247875446223e+03   6.9416123152985270e+00   5.1689469753702282e+00   3.6296730133238377e+01   7.2124959017128347e+00   3.6689298011371918e+01   2.2709680460979701e+01   2.1697384688371778e+02   2.0147033402305802e+01
   2.1009859431059526e+03   7.0890696997572489e+00   5.4465041029634529e+00   3.7551385248133421e+01   7.3010983671044976e+00   3.7209284136098773e+01   2.3829543439748566e+01   2.2202168372720087e+02   2.0384636994186994e+01
   2.2782376573993420e+03   7.2363952605391075e+00   5.7203355109692220e+00   3.8803664227602994e+01   7.3924583665255339e+00   3.7746149983136299e+01   2.4938205962599103e+01   2.2717581719510710e+02   2.0645442069013523e+01
   2.4704433842709873e+03   7.3823039611200469e+00   5.9879534784089312e+00   4.0040812367352586e+01   7.4853489380204294e+00   3.8292220976605940e+01   2.6024962084565676e+01   2.3236492385317678e+02   2.0922598224966752e+01
   2.6788647334778498e+03   7.5254295200932209e+00   6.2469831583681952e+00   4.1250155970444638e+01   7.5784897726923788e+00   3.8839650401021402e+01   2.7079564888961357e+01   2.3751828297199094e+02   2.1209492498399459e+01
   2.9048697517061387e+03   7.6644083235796021e+00   6.4952609785858098e+00   4.2419718728271640e+01   7.6706102247896331e+00   3.9380769807638963e+01   2.8092645653852525e+01   2.4256873371850509e+02   2.1499923911885094e+01
   3.1499419022259767e+03   7.7979601718213472e+00   6.7309209687502429e+00   4.3538776671131274e+01   7.7605109252089139e+00   3.9908429984729921e+01   2.9056081831042601e+01   2.4745540087032168e+02   2.1788272723310179e+01
   3.4156898021232669e+03   7.9249579297681976e+00   6.9524608968287538e+00   4.4598302366151522e+01   7.8471179375735725e+00   4.0416297277284322e+01   2.9963279710784359e+01   2.5212592641437863e+02   2.2069643366431645e+01
   3.7038577810226143e+03   8.0444800221732393e+00   7.1587827248511138e+00   4.5591264359116529e+01   7.9295245376400851e+00   4.0899077449252026e+01   3.0809348669237913e+01   2.5653801821071647e+02   2.2339965023402797e+01
   4.0163373306071394e+03   8.1558424084497112e+00   7.3492053037510807e+00   4.6512767522870867e+01   8.0070176182777253e+00   4.1352650820188629e+01   3.1591158208321072e+01   2.6066022560140658e+02   2.2596040917972324e+01
   4.3551795200880570e+03   8.2586095985000192e+00   7.5234507036424842e+00   4.7360040011905326e+01   8.0790879590176079e+00   4.1774115394043285e+01   3.2307283607011676e+01   2.6447195464246806e+02   2.2835545174652427e+01
   4.7226084591174304e+03   8.3525868461497161e+00   7.6816084524350092e+00   4.8132289207429878e+01   8.1454256650430210e+00   4.2161746414524039e+01   3.2957858103977202e+01   2.6796282290246211e+02   2.3056972901937726e+01
   5.1210358965126234e+03   8.4377974673370861e+00   7.8240837876642653e+00   4.8830459879394724e+01   8.2059036062838935e+00   4.2514889230861471e+01   3.3544357253417559e+01   2.7113151214002039e+02   2.3259553926197889e+01
   5.5530770506161807e+03   8.5144501071311485e+00   7.9515366742768290e+00   4.9456931986116651e+01   8.2605524977978941e+00   4.2833806655812054e+01   3.4069343847390648e+01   2.7398430193854983e+02   2.3443142883995201e+01
   6.0215677751994626e+03   8.5829007882406056e+00   8.0648179433608593e+00   5.0015193817064585e+01   8.3095313778325313e+00   4.3119502348964865e+01   3.4536200154808064e+01   2.7653346183559637e+02   2.3608098354591874e+01
   6.5295831735842967e+03   8.6436139371860374e+00   8.1649077789847286e+00   5.0509520290539307e+01   8.3530968187521761e+00   4.3373539121796803e+01   3.4948869511058135e+01   2.7879565214730877e+02   2.3755161980955638e+01
   7.0804577831631186e+03   8.6971255863386290e+00   8.2528602926485615e+00   5.0944678194194367e+01   8.3915734675704581e+00   4.3597866703608737e+01   3.5311623055988612e+01   2.8079044484396502e+02   2.3885345844783391e+01
   7.6778074628055701e+03   8.7440108522289766e+00   8.3297564032018840e+00   5.1325671819818567e+01   8.4253276674380224e+00   4.3794668620937465e+01   3.5628861030285478e+01   2.8253903472043640e+02   2.3999833426302661e+01
   8.3255531268174691e+03   8.7848567844876193e+00   8.3966659114096789e+00   5.1657535074643846e+01   8.4547451179885336e+00   4.3966233313232820e+01   3.5904952455779885e+01   2.8406317432017232e+02   2.4099896801820918e+01
   9.0279464812382430e+03   8.8202408737005591e+00   8.4546186398616943e+00   5.1945170426730272e+01   8.4802128845062725e+00   4.4114850945409700e+01   3.6144112738212776e+01   2.8538433718443008e+02   2.4186830596889710e+01
   9.7895979314058713e+03   8.8507149362150841e+00   8.5045838264587879e+00   5.2193231132684055e+01   8.5021055984834213e+00   4.4242734763773221e+01   3.6350315852200715e+01   2.8652309401779485e+02   2.4261901713140610e+01
   1.0615506843970716e+04   8.8767937453167960e+00   8.5474565786067451e+00   5.2406040934172154e+01   8.5207753987221277e+00   4.4351964224517779e+01   3.6527236153876913e+01   2.8749867455812279e+02   2.4326312941676118e+01
   1.1511094361993501e+04   8.8989476101078235e+00   8.5840500507450983e+00   5.2587544455299764e+01   8.5365450129351093e+00   4.4444446325431450e+01   3.6678214246393786e+01   2.8832868268502779e+02   2.4381178153462010e+01
   1.2482238988520601e+04   8.9175980661031833e+00   8.6150920282601806e+00   5.2741281501583607e+01   8.5497033367334225e+00   4.4521891370426275e+01   3.6806241397081052e+01   2.8902893171422505e+02   2.4427506683127014e+01
   1.3535315172202369e+04   8.9331158883023019e+00   8.6412247217721134e+00   5.2870379003645262e+01   8.5605028933050544e+00   4.4585799582890651e+01   3.6913957502565310e+01   2.8961336917606354e+02   2.4466194671228752e+01
   1.4677235148224379e+04   8.9458207303529260e+00   8.6630067466019796e+00   5.2977555187646907e+01   8.5691586227441867e+00   4.4637455385675459e+01   3.7003658307047246e+01   2.9009406428191841e+02   2.4498021399607445e+01
   1.5915494309189535e+04   8.9559818048489159e+00   8.6809164472345763e+00   5.3065131492593565e+01   8.5758475326214700e+00   4.4677926657056254e+01   3.7077308349282255e+01   2.9048123574972618e+02   2.4523648971165002e+01
