f k11 k12 k13 k14 k21 k22 k23 k24
   1.5915494309189536e-03   1.7579166215096844e+04   1.7579431555760304e+04   1.5294072589676855e+03   1.5006004288973716e+03   1.2412055247476303e+04   1.2411139049385405e+04   8.1254430884435038e+01   1.0326854321205329e+02
   1.7191467660085257e-03   1.7579136168967514e+04   1.7579401496505463e+04   1.5293617769761368e+03   1.5005568125970335e+03   1.2412058795484007e+04   1.2411142615878334e+04   8.1311535408251558e+01   1.0332281747003692e+02
   1.8569738053131647e-03   1.7579101101264045e+04   1.7579366413487511e+04   1.5293087124202657e+03   1.5005059247332558e+03   1.2412062925165936e+04   1.2411146767129105e+04   8.1378108177139453e+01   1.0338610277576353e+02
   2.0058506823274658e-03   1.7579060170647932e+04   1.7579325465002799e+04   1.5292468016563687e+03   1.5004465534768358e+03   1.2412067729903563e+04   1.2411151597033710e+04   8.1455708482367683e+01   1.0345988744059453e+02
   2.1666632821000071e-03   1.7579012394065219e+04   1.7579277667571430e+04   1.5291745706296479e+03   1.5003772852100381e+03   1.2412073317341607e+04   1.2411157213837361e+04   8.1546148635496110e+01   1.0354590281356506e+02
   2.3403685126518218e-03   1.7578956622604557e+04   1.7579221871785045e+04   1.5290902999021248e+03   1.5002964709858197e+03   1.2412079811293217e+04   1.2411163742053952e+04   8.1651533688992160e+01   1.0364616197947869e+02
   2.5279999990138208e-03   1.7578891513145565e+04   1.7579156733943302e+04   1.5289919838909996e+03   1.5002021874337188e+03   1.2412087353791756e+04   1.2411171324534675e+04   8.1774306922233833e+01   1.0376300426806459e+02
   2.7306742337652704e-03   1.7578815495028444e+04   1.7579080682709769e+04   1.5288772833672040e+03   1.5000921912007830e+03   1.2412096107251693e+04   1.2411180124648405e+04   8.1917301764325089e+01   1.0389914632247157e+02
   2.9495972206718276e-03   1.7578726730824554e+04   1.7578991879866273e+04   1.5287434701111567e+03   1.4999638658691238e+03   1.2412106256672474e+04   1.2411190328508641e+04   8.2083800843591675e+01   1.0405774052678255e+02
   3.1860716509557957e-03   1.7578623070100228e+04   1.7578888174057913e+04   1.5285873624461642e+03   1.4998141601222112e+03   1.2412118011778026e+04   1.2411202147139553e+04   8.2277602847472622e+01   1.0424244162926472e+02
   3.4415046549006747e-03   1.7578501994837385e+04   1.7578767046191675e+04   1.5284052501667952e+03   1.4996395157369391e+03   1.2412131608924494e+04   1.2411215818415116e+04   8.2503097834851999e+01   1.0445748241193301e+02
   3.7174161749155667e-03   1.7578360554890205e+04   1.7578625544867577e+04   1.5281928071461559e+03   1.4994357837542093e+03   1.2412147312525229e+04   1.2411231608520475e+04   8.2765351552061645e+01   1.0470775923613103e+02
   4.0154480098829647e-03   1.7578195291503791e+04   1.7578460209867175e+04   1.5279449896385770e+03   1.4991981269238288e+03   1.2412165415622076e+04   1.2411249812566060e+04   8.3070199147356789e+01   1.0499892822339045e+02
   4.3373735846079405e-03   1.7578002146477542e+04   1.7578266981282221e+04   1.5276559179889857e+03   1.4989209062259727e+03   1.2412186239066332e+04   1.2411270753818382e+04   8.3424348437592812e+01   1.0533751269235108e+02
   4.6851085025013334e-03   1.7577776353998590e+04   1.7578041091307292e+04   1.5273187391131030e+03   1.4985975489375678e+03   1.2412210128539306e+04   1.2411294780779066e+04   8.3835492534303739e+01   1.0573102224381807e+02
   5.0607219442902543e-03   1.7577512311462251e+04   1.7577776935012531e+04   1.5269254667198688e+03   1.4982203953338658e+03   1.2412237448319767e+04   1.2411322261020665e+04   8.4312431163492633e+01   1.0618808354152571e+02
   5.4664489805833780e-03   1.7577203424693369e+04   1.7577467915509711e+04   1.5264667958057639e+03   1.4977805206899038e+03   1.2412268570257425e+04   1.2411353570240217e+04   8.4865199395997834e+01   1.0671858234807047e+02
   5.9047038715563886e-03   1.7576841921823387e+04   1.7577106257764262e+04   1.5259318874576479e+03   1.4972675287710624e+03   1.2412303855792838e+04   1.2411389074373054e+04   8.5505201732082540e+01   1.0733381571599493e+02
   6.3780944328967627e-03   1.7576418628578693e+04   1.7576682783808039e+04   1.5253081194553811e+03   1.4966693124752539e+03   1.2412343628010593e+04   1.2411429101755954e+04   8.6245348556516277e+01   1.0804665237918684e+02
   6.8894375534917394e-03   1.7575922695790210e+04   1.7576186640160737e+04   1.5245807975695875e+03   1.4959717767128336e+03   1.2412388129536916e+04   1.2411473901153951e+04   8.7100190920508908e+01   1.0887169832517270e+02
   7.4417759571968603e-03   1.7575341267389809e+04   1.7575604965722931e+04   1.5237328218085115e+03   1.4951585179883073e+03   1.2412437460477051e+04   1.2411523579849401e+04   8.8086048463812546e+01   1.0982546325725109e+02
   8.0383963084250994e-03   1.7574659073816536e+04   1.7574922485062150e+04   1.5227443011918331e+03   1.4942104544901686e+03   1.2412491488367354e+04   1.2411578013772427e+04   8.9221124147837799e+01   1.1092652220596295e+02
   8.6828487692931708e-03   1.7573857931342340e+04   1.7574121007597845e+04   1.5215921099365337e+03   1.4931053998178568e+03   1.2412549719071058e+04   1.2411636718606733e+04   9.0525598449373987e+01   1.1219566498759293e+02
   9.3789681246988516e-03   1.7572916121968647e+04   1.7573178807333978e+04   1.5202493772592529e+03   1.4918175728043636e+03   1.2412611113368283e+04   1.2411698666627048e+04   9.2021694916894930e+01   1.1365602464270313e+02
   1.0130896601033149e-02   1.7571807620737301e+04   1.7572069849978023e+04   1.5186849023742197e+03   1.4903170352687266e+03   1.2412673828265608e+04   1.2411762028300982e+04   9.3733708684858385e+01   1.1533317457570949e+02
   1.0943108514309040e-02   1.7570501126844483e+04   1.7570762823830933e+04   1.5168624857580219e+03   1.4885690490120394e+03   1.2412734854206550e+04   1.2411823809845018e+04   9.5687989826758312e+01   1.1725518305023638e+02
   1.1820436894374247e-02   1.7568958840895644e+04   1.7569219916780530e+04   1.5147401674502937e+03   1.4865333430341166e+03   1.2412789508623415e+04   1.2411879347185903e+04   9.7912874393729396e+01   1.1945261318064665e+02
   1.2768102243634404e-02   1.7567134911686680e+04   1.7567395262776652e+04   1.5122693631838213e+03   1.4841632819070398e+03   1.2412830731569209e+04   1.2411921602078468e+04   1.0043855760528575e+02   1.2195845677365290e+02
   1.3791743601413824e-02   1.7564973450245634e+04   1.7565232955515687e+04   1.5093938896517518e+03   1.4814049266457205e+03   1.2412848109050212e+04   1.2411940186016849e+04   1.0329690574077286e+02   1.2480799140000831e+02
   1.4897452098801158e-02   1.7562405974059689e+04   1.7562664492249951e+04   1.5060488714402161e+03   1.4781959804624066e+03   1.2412826522168078e+04   1.2411920010066531e+04   1.0652120544256296e+02   1.2803855183869908e+02
   1.6091807203646384e-02   1.7559348097055332e+04   1.7559605463279524e+04   1.5021595243625848e+03   1.4744646137374650e+03   1.2412744282575386e+04   1.2411839421145351e+04   1.1014585082814766e+02   1.3168920923673784e+02
   1.7381915871383401e-02   1.7555695216362310e+04   1.7555951238145946e+04   1.4976398134868562e+03   1.4701281657089003e+03   1.2412570563402238e+04   1.2411667633940086e+04   1.1420596935211047e+02   1.3580035341797171e+02
   1.8775454834643289e-02   1.7551316858846621e+04   1.7551571311498385e+04   1.4923909895023448e+03   1.4650917251844587e+03   1.2412261864792186e+04   1.2411361197633316e+04   1.1873698609323407e+02   1.4041317498032188e+02
   2.0280716283300807e-02   1.7546049230273697e+04   1.7546301851478263e+04   1.4863000147854789e+03   1.4592465995119460e+03   1.2411757157899443e+04   1.2410859141337129e+04   1.2377412251991606e+02   1.4556904323096975e+02
   2.1906657206771020e-02   1.7539685346267579e+04   1.7539935829769645e+04   1.4792379012821491e+03   1.4524686907101320e+03   1.2410971221910337e+04   1.2410076312852183e+04   1.2935181947418451e+02   1.5130877270884190e+02
   2.3662952692165277e-02   1.7531961901815983e+04   1.7532209890045247e+04   1.4710579969603593e+03   1.4446168107921385e+03   1.2409785513988543e+04   1.2408894250719730e+04   1.3550306500864312e+02   1.5767176425754155e+02
   2.5560053495454531e-02   1.7522541735472063e+04   1.7522786810936832e+04   1.4615942771304690e+03   1.4355309857930420e+03   1.2408035677578513e+04   1.2407148695084004e+04   1.4225859586566176e+02   1.6469499579278460e+02
   2.7609248228214905e-02   1.7510990341640769e+04   1.7511232016894828e+04   1.4506597226914732e+03   1.4250308209664427e+03   1.2405494482673328e+04   1.2404612531071498e+04   1.4964592685109216e+02   1.7241182272803215e+02
   2.9822730529994637e-02   1.7496744351931055e+04   1.7496982057897505e+04   1.4380449011129881e+03   1.4129140295663367e+03   1.2401848582596467e+04   1.2400972549354392e+04   1.5768814495501226e+02   1.8085052824097454e+02
   3.2213671626008591e-02   1.7479069217299890e+04   1.7479302289719548e+04   1.4235169102965149e+03   1.3989552668479764e+03   1.2396666946202851e+04   1.2395797882937331e+04   1.6640238422731980e+02   1.9003253881932105e+02
   3.4796298701911567e-02   1.7457002459118765e+04   1.7457230122888628e+04   1.4068189044582102e+03   1.3829054630656908e+03   1.2389358170209423e+04   1.2388497325020549e+04   1.7579787204076680e+02   1.9997019013694330e+02
   3.7585979562015946e-02   1.7429277831945114e+04   1.7429499183136639e+04   1.3876705015767070e+03   1.3644919205289059e+03   1.2379113103767895e+04   1.2378261960185429e+04   1.8587340601184988e+02   2.1066389128580596e+02
   4.0599314074708556e-02   1.7394224636646399e+04   1.7394438622068137e+04   1.3657694850035462e+03   1.3434195408454216e+03   1.2364828387720123e+04   1.2363988711431768e+04   1.9661408224678286e+02   2.2209849090744859e+02
   4.3854232949208267e-02   1.7349635467708118e+04   1.7349840862039538e+04   1.3407953758849530e+03   1.3193736971177407e+03   1.2345005790733696e+04   1.2344179685238789e+04   2.0798705010521493e+02   2.3423859766272147e+02
   4.7370104431431297e-02   1.7292595376406010e+04   1.7292790757239331e+04   1.3124156962935810e+03   1.2920254901073815e+03   1.2317621979758005e+04   1.2316811951831340e+04   2.1993602132763047e+02   2.4702255550969164e+02
   5.1167849553852923e-02   1.7219266770171278e+04   1.7219450491847994e+04   1.2802961043100045e+03   1.2610404672489951e+03   1.2279964311659802e+04   1.2279173346812458e+04   2.3237422755152969e+02   2.6035473847263819e+02
   5.5270066625154345e-02   1.7124629120860824e+04   1.7124799288905193e+04   1.2441161046252871e+03   1.2260923860642556e+03   1.2228431669319620e+04   1.2227663315989650e+04   2.4517553579829905e+02   2.7409584938299156e+02
   5.9701165700425184e-02   1.7002183618379586e+04   1.7002338067775068e+04   1.2035927419768627e+03   1.1868843006595835e+03   1.2158307412125216e+04   1.2157565870652397e+04   2.5816356811800290e+02   2.8805106106635452e+02
   6.4487513832079971e-02   1.6843654456399421e+04   1.6843790739080665e+04   1.1585154987149394e+03   1.1431800954568644e+03   1.2063527251396978e+04   1.2062817459338878e+04   2.7109905518924450e+02   3.0195626457343775e+02
   6.9657591965797919e-02   1.6638755274658644e+04   1.6638870664451901e+04   1.1087962341986154e+03   1.0948503257072896e+03   1.1936491896817959e+04   1.1935819595265670e+04   2.8366647408688112e+02   3.1546359466212374e+02
   7.5242164415087576e-02   1.6375144101648599e+04   1.6375235628208458e+04   1.0545376313866871e+03   1.0419361447336335e+03   1.1768014815668137e+04   1.1767386571767642e+04   2.9546249837386904e+02   3.2812902773862220e+02
   8.1274461922927560e-02   1.6038756840594981e+04   1.6038821366685163e+04   9.9612068328228077e+02   9.8473275774893500e+02   1.1547545265984736e+04   1.1546968416008600e+04   3.0599103357972410e+02   3.3940730727787422e+02
   8.7790379399783208e-02   1.5614761408592933e+04   1.5614795765258843e+04   9.3430384868817214e+02   9.2388695943079654e+02   1.1263846894302285e+04   1.1263329363124603e+04   3.1467228568860730e+02   3.4866236872496546e+02
   9.4828689514629555e-02   1.5089353340535570e+04   1.5089354529051938e+04   8.7031131784045147e+02   8.6048955486402065e+02   1.0906299762913068e+04   1.0905849717201907e+04   3.2087511111427767e+02   3.5520337155313302e+02
   1.0243127340994512e-01   1.4452434150100262e+04   1.4452399604718054e+04   8.0586621803496735e+02   7.9612318095737430e+02   1.0466865750895702e+04   1.0466491065260005e+04   3.2398022116658149e+02   3.5835454324325190e+02
   1.1064336991353525e-01   1.3700820027698788e+04   1.3700747908865396e+04   7.4310615251365573e+02   7.3280726339966338e+02   9.9424703911070301e+03   9.9421779564354256e+03   3.2347358762885915e+02   3.5755794385086142e+02
   1.1951384473010772e-01   1.2841106313631362e+04   1.2840995774462886e+04   6.8432570621318996e+02   6.7278419885530911e+02   9.3371673944021659e+03   9.3369623691333200e+03   3.1905407788214978e+02   3.5249142611609545e+02
   1.2909548121441444e-01   1.1890974238438861e+04   1.1890825592980265e+04   6.3155055474100925e+02   6.1813910860504302e+02   8.6631914349473354e+03   8.6630766031545390e+03   3.1072297631467683e+02   3.4316618090621540e+02
   1.3944529445618986e-01   1.0877977467292518e+04   1.0877792203221963e+04   5.8605988014711943e+02   5.7034323442596974e+02   7.9401721014822861e+03   7.9401475122002948e+03   2.9881811726618020e+02   3.2996304296452553e+02
   1.5062487054583543e-01   9.8357917157610773e+03   9.8355723382619271e+03   5.4806986563616874e+02   5.2990650465858619e+02   7.1924646614420190e+03   7.1925276559000185e+03   2.8397158309310959e+02   3.1358476306593622e+02
   1.6270073303963375e-01   8.7990603962563346e+03   8.7988101438433387e+03   5.1675891510319161e+02   4.9632129936625779e+02   6.4454016956620335e+03   6.4455473071969627e+03   2.6700181667292048e+02   2.9493654958259430e+02
   1.7574473880512881e-01   7.7985421487240792e+03   7.7982646567538268e+03   4.9062814712527017e+02   4.6833298394040219e+02   5.7217100069536718e+03   5.7219316068697080e+03   2.4877828973008707e+02   2.7497702010096253e+02
   1.8983450560212958e-01   6.8579082359763515e+03   6.8576072238596607e+03   4.6799574213303066e+02   4.4438537453152298e+02   5.0390967667724281e+03   5.0393867835222427e+03   2.3010206255954353e+02   2.5458716337746952e+02
   2.0505387394364086e-01   5.9926204517119140e+03   5.9922994831600445e+03   4.4739365273409902e+02   4.2302349941940923e+02   4.4093467624991581e+03   4.4096973281212740e+03   2.1162937260829500e+02   2.3448692988273419e+02
   2.2149340598500167e-01   5.2105002531929013e+03   5.2101625851030067e+03   4.2775953266054415e+02   4.0312358838834894e+02   3.8386679520025045e+03   3.8390713946834417e+03   1.9384264022929264e+02   2.1520403144489725e+02
   2.3925092440984919e-01   4.5132457010764219e+03   4.5128942116614935e+03   4.0845104888995814e+02   3.8394832475350734e+02   3.3287521633220836e+03   3.3292013283339120e+03   1.7705759775244920e+02   1.9708236562124267e+02
   2.5843209451952454e-01   3.8982166514188966e+03   3.8978538267127424e+03   3.8916431755090201e+02   3.6509405756918693e+02   2.8780544363037243e+03   2.8785428580209741e+03   1.6145046286689509e+02   1.8031231866681625e+02
   2.7915105298961590e-01   3.3600577709895006e+03   3.3596857278686430e+03   3.6982658169775522e+02   3.4639855019910379e+02   2.4829712718253941e+03   2.4834932355354936e+03   1.4709169856994643e+02   1.6496815333820390e+02
   3.0153108703502829e-01   2.8919735250365147e+03   2.8915940531942983e+03   3.5050124951802223e+02   3.2785147320034196e+02   2.1387756015588229e+03   2.1393261335014163e+03   1.3397801381945445e+02   1.5104333949683280e+02
   3.2570536802491651e-01   2.4866311484560315e+03   2.4862457593520653e+03   3.3131798914945421e+02   3.0952473401062923e+02   1.8402855989220809e+03   1.8408604153088334e+03   1.2205878349871162e+02   1.3847966422277347e+02
   3.5181774391282827e-01   2.1367463045918348e+03   2.1363562802441502e+03   3.1242719926210430e+02   2.9152494435498670e+02   1.5823036337326735e+03   1.5828990703125487e+03   1.1125600077160794e+02   1.2718917649778763e+02
   3.8002359519737339e-01   1.8354294322639184e+03   1.8350358702311094e+03   2.9397339545235951e+02   2.7396418408306783e+02   1.3598802094476075e+03   1.3604931452908138e+03   1.0147836948059930e+02   1.1706965441962490e+02
   4.1049075950677555e-01   1.5763659561452500e+03   1.5759698092517310e+03   2.7608159313606791e+02   2.5694387965545246e+02   1.1684552840708939e+03   1.1690830674482529e+03   9.2630692005303644e+01   1.0801487694302006e+02
   4.4340053030900350e-01   1.3538884714502060e+03   1.3534905820624940e+03   2.5885188831815469e+02   2.4054726417622416e+02   1.0039190476452236e+03   1.0045594280269869e+03   8.4619751912291775e+01   9.9921025335290580e+01
   4.7894873569026136e-01   1.1629829027154044e+03   1.1625840320056975e+03   2.4235882510254530e+02   2.2483705284492183e+02   8.6262283275846448e+02   8.6327390058732749e+02   7.7357720681125471e+01   9.2690350105938876e+01
   5.1734690362106273e-01   9.9925713223817627e+02   9.9885798512254553e+02   2.2665331002906137e+02   2.0985605086012799e+02   7.4136114719561272e+02   7.4202128173688766e+02   7.0763890664625393e+01   8.6232988701049862e+01
   5.5882352064374252e-01   8.5889051096899061e+02   8.5849175744799027e+02   2.1176568671559153e+02   1.9562923870655632e+02   6.3733851632276162e+02   6.3800634119211429e+02   6.4765323464485704e+01   8.0467585262188067e+01
   6.0362539147118088e-01   7.3857563844676076e+02   7.3817793200830204e+02   1.9770915840510781e+02   1.8216645478334902e+02   5.4812969398258315e+02   5.4880403964046297e+02   5.9296828841932701e+01   7.5321172895235065e+01
   6.5201910758696047e-01   6.3545912759846760e+02   6.3506312122470570e+02   1.8448311254009661e+02   1.6946517198726445e+02   4.7163836455043497e+02   4.7231823696403887e+02   5.4300557083570780e+01   7.0728634050282992e+01
   7.0429263358579819e-01   5.4708507598109748e+02   5.4669143616356507e+02   1.7207612603758861e+02   1.5751310129730618e+02   4.0605723729329742e+02   4.0674179199751131e+02   4.9725391833460570e+01   6.6631949420918133e+01
   7.6075702069369755e-01   4.7134310603497875e+02   4.7095252506036968e+02   1.6046856215678380e+02   1.4629049838238868e+02   3.4983104109608689e+02   3.5051956197204856e+02   4.5526263045154067e+01   6.2979371564890030e+01
   8.2174825766404336e-01   4.0642172026241565e+02   4.0603492689207883e+02   1.4963474409856082e+02   1.3577213230019575e+02   3.0162308020607628e+02   3.0231496240365493e+02   4.1663453633265974e+01   5.9724608129162696e+01
   8.8762927006331860e-01   3.5076707305901635e+02   3.5038484159178557e+02   1.3954472937261323e+02   1.2592892108976832e+02   2.6028551427502686e+02   2.6098025081259976e+02   3.8101942667838202e+01   5.6826064537229982e+01
   9.5879207984308534e-01   3.0304691038095007e+02   3.0267006796447407e+02   1.3016572693658577e+02   1.1672926217828152e+02   2.2483324817516493e+02   2.2553041984379783e+02   3.4810808021048679e+01   5.4246172290126609e+01
   1.0356601380486845e+00   2.6211925605469941e+02   2.6174868799947768e+02   1.2146320514023138e+02   1.0814009532974278e+02   1.9442117400583066e+02   1.9512044227645060e+02   3.1762698930484746e+01   5.1950813093264095e+01
   1.1186908445453148e+00   2.2700535624787838e+02   2.2664200900794830e+02   1.1340173809229188e+02   1.0012773813291012e+02   1.6832444531111497e+02   1.6902554798518514e+02   2.8933381644120377e+01   4.9908838438538822e+01
   1.2083782697550152e+00   1.9686638597501343e+02   1.9651126739965224e+02   1.0594563450739749e+02   9.2658532269734252e+01   1.4592144787235307e+02   1.4662419722201210e+02   2.6301357566674870e+01   4.8091677485785695e+01
   1.3052560946001173e+00   1.7098344573467941e+02   1.7063762217879255e+02   9.9059388320933763e+01   8.5699335113854204e+01   1.2667914157162647e+02   1.2738342467797054e+02   2.3847552126420851e+01   4.6473022123865753e+01
   1.4099007861471662e+00   1.4874041581938056e+02   1.4840500573904876e+02   9.2707985479859801e+01   7.9217886788014241e+01   1.1014047102114685e+02   1.1084625193471555e+02   2.1555073405139016e+01   4.5028576327117960e+01
   1.5229350278478455e+00   1.2960928079222072e+02   1.2928544455625862e+02   8.6857096910168679e+01   7.3183078325591907e+01   9.5913571360798684e+01   9.6620894575429475e+01   1.9409042380973247e+01   4.3735856909692608e+01
   1.6450314247883711e+00   1.1313758164262919e+02   1.1282650746464248e+02   8.1473183988925243e+01   6.7565142373569813e+01   8.3662525499176056e+01   8.4371520054309883e+01   1.7396501983724676e+01   4.2574034127288328e+01
   1.7769165059953067e+00   9.8937695388790445e+01   9.8640581520478122e+01   7.6523539963297154e+01   6.2335784086964971e+01   7.3099457758832997e+01   7.3810341079450779e+01   1.5506421559423607e+01   4.1523802892398962e+01
   1.9193750476133085e+00   8.6677680144118924e+01   8.6395713749648380e+01   7.1976288568213022e+01   5.7468266530524055e+01   6.3977775255506472e+01   6.4690855625909791e+01   1.3729830018303311e+01   4.0567278258330504e+01
   2.0732547426796888e+00   7.6073457610786022e+01   7.5807791030966257e+01   6.7800359398900738e+01   5.2937461993485890e+01   5.6086392009227218e+01   5.6802068388054941e+01   1.2060141517160691e+01   3.9687911906942517e+01
   2.2394712452830667e+00   6.6882134840762788e+01   6.6633860212088123e+01   6.3965458117994743e+01   4.8719878078945079e+01   4.9244791801635429e+01   4.9963549556793041e+01   1.0493795357930654e+01   3.8870429305361661e+01
   2.4190136191211509e+00   5.8896293407194868e+01   5.8666416780896220e+01   6.0442047997699746e+01   4.4793665184235024e+01   4.3298804430246463e+01   4.4021205538213700e+01   9.0314428842757977e+00   3.8100789696240028e+01
   2.6129502228790509e+00   5.1939097412310147e+01   5.1728513587864747e+01   5.7201357290510465e+01   4.1138609984078620e+01   3.8116986611701840e+01   3.8843652950907760e+01   7.6801227518521307e+00   3.7366172930935541e+01
   2.8224350674487630e+00   4.5860092510071873e+01   4.5669561741170163e+01   5.4215424208127367e+01   3.7736117727158579e+01   3.3587513667259067e+01   3.4319102247872749e+01   6.4572073156043182e+00   3.6654998166804305e+01
   3.0487146828182201e+00   4.0531586691188110e+01   4.0361714250446134e+01   5.1457187686532585e+01   3.4569184556855006e+01   2.9615501513053324e+01   3.0352670811722447e+01   5.3971519978723510e+00   3.5956979480614201e+01
   3.2931355354909795e+00   3.5845520167740737e+01   3.5696739504527010e+01   4.8900627587915281e+01   3.1622359711220149e+01   2.6120690506403243e+01   2.6864057477244597e+01   4.5604957495038452e+00   3.5263222378816934e+01
   3.5571520405735781e+00   3.1710746409103148e+01   3.1583306353883057e+01   4.6520952672178453e+01   2.8881696439809382e+01   2.3035433433915138e+01   2.3785521189176844e+01   4.0349245521380714e+00   3.4566362934704685e+01
   3.8423352162061137e+00   2.8050659304224055e+01   2.7944615516446621e+01   4.4294828880821569e+01   2.6334689936054890e+01   2.0302939423885448e+01   2.1060115946772608e+01   3.8993444051876227e+00   3.3860747858316614e+01
   4.1503820318338436e+00   2.4801112693393947e+01   2.4716323359932570e+01   4.2200634711373105e+01   2.3970200688399835e+01   1.7875733922614984e+01   1.8640142409215873e+01   4.1514796322811023e+00   3.3142649349613031e+01
   4.4831255059462789e+00   2.1908588341880119e+01   2.1844714028978494e+01   4.0218725378077906e+01   2.1778362547662912e+01   1.5714302251354093e+01   1.6485783693612365e+01   4.6966115324423789e+00   3.2410503421852987e+01
   4.8425456133698637e+00   1.9328577083438887e+01   1.9285084621394414e+01   3.8331683832045442e+01   1.9750476554591465e+01   1.3785890851247810e+01   1.4563899187803660e+01   5.4201213307535081e+00   3.1665155017270514e+01
   5.2307810670176478e+00   1.7024145570328859e+01   1.7000315880932522e+01   3.6524535375444565e+01   1.7878894071281799e+01   1.2063446284141314e+01   1.2846955796723291e+01   6.2373563359537521e+00   3.0910088293014855e+01
   5.6501420442026715e+00   1.4964667909207634e+01   1.4959607736348302e+01   3.4784904288374896e+01   1.6156895680984579e+01   1.0524677415500662e+01   1.1312081013317117e+01   7.0961304921220583e+00   3.0151616517809838e+01
   6.1031239332424230e+00   1.3124707298461550e+01   1.3137364842075502e+01   3.3103096057431848e+01   1.4578575056328246e+01   9.1512307849470140e+00   9.9402264667670774e+00   7.9655424752202464e+00   2.9399003445243803e+01
   6.5924221821529008e+00   1.1483037249548060e+01   1.1512221719085698e+01   3.1472097427052155e+01   1.3138738673327362e+01   7.9279725511880876e+00   8.7154339165776307e+00   8.8270385911397486e+00   2.8664486816502091e+01
   7.1209483377887963e+00   1.0021794584398032e+01   1.0066199691830619e+01   2.9887497916025254e+01   1.1832831786907700e+01   6.8423719235311351e+00   7.6241977295907892e+00   9.6692357110343732e+00   2.7963174536022926e+01
   7.6918473708698745e+00   8.7257567118471133e+00   8.7839881539593403e+00   2.8347349315578395e+01   1.0656897290336142e+01   5.8839797715839062e+00   6.6549184742018506e+00   1.0485146370278196e+01   2.7312785028951136e+01
   8.3085163899854404e+00   7.5817335101723984e+00   7.6523406051914042e+00   2.6851992186439997e+01   9.6075657965150771e+00   5.0439909902808093e+00   5.7974414092619302e+00   1.1270695442063019e+01   2.6733206392916564e+01
   8.9746248559336532e+00   6.5780597476486795e+00   6.6595716618809142e+00   2.5403888505800897e+01   8.6820617072368336e+00   4.3148688111286555e+00   5.0426717294609755e+00   1.2023901714492943e+01   2.6245857230606358e+01
   9.6941364166801964e+00   5.7041683105677352e+00   5.7951357904019041e+00   2.4007505531516557e+01   7.8781916501177447e+00   3.6899925861625245e+00   4.3822563019042162e+00   1.2744401558475145e+01   2.5872850493992274e+01
   1.0471332492864247e+01   4.9502195721372759e+00   5.0492637596277703e+00   2.2669296033101812e+01   7.1942623254461768e+00   3.1632696415699746e+00   3.8083205808021110e+00   1.3433155867966610e+01   2.5635995156442988e+01
   1.1310837754196180e+01   4.3067615942603972e+00   4.4126321015625818e+00   2.1397812562140128e+01   6.6288652663688143e+00   2.7286386941421781e+00   3.3132510020928949e+00   1.4092268890211695e+01   2.5555719014468441e+01
   1.2217647638343252e+01   3.7644049115436595e+00   3.8760491469819143e+00   2.0203975724247695e+01   6.1804861704462617e+00   2.3794196829859144e+00   2.8895188502825642e+00   1.4724895507087357e+01   2.5650048786000177e+01
   1.3197158076052924e+01   3.3135200086696353e+00   3.4301634287764049e+00   1.9101483743011158e+01   5.8469680566708186e+00   2.1075812672373040e+00   2.5295515463469296e+00   1.5335240627266499e+01   2.5933818319609358e+01
   1.4255197599392071e+01   2.9440049594069517e+00   3.0652359285272781e+00   1.8107295796479615e+01   5.6249775691782320e+00   1.9032038247168572e+00   2.2256688454271387e+00   1.5928669780755115e+01   2.6418266120935680e+01
   1.5398062024160494e+01   2.6452086884816461e+00   2.7710520919288388e+00   1.7242037855851351e+01   5.5097308149083224e+00   1.7545536938197868e+00   1.9701078559194050e+00   1.6511958353748824e+01   2.7111117446641884e+01
   1.6632551912854904e+01   2.4060967236673676e+00   2.5370517582147949e+00   1.6530071370155454e+01   5.4952232762318189e+00   1.6489879477055922e+00   1.7551533620531421e+00   1.7093710313737564e+01   2.8017139780589396e+01
   1.7966013041105171e+01   2.2156807218457302e+00   2.3526983854355215e+00   1.5998870306394505e+01   5.5750288774828372e+00   1.5743944258097038e+00   1.5733647709598448e+00   1.7684976171106655e+01   2.9139053186686262e+01
   1.9406380108376144e+01   2.0636188984138069e+00   2.2080083147705478e+00   1.5677367945748601e+01   5.7434884543683618e+00   1.5205177545605999e+00   1.4178567714051107e+00   1.8300092868991541e+01   3.0478609090479800e+01
   2.0962223953034069e+01   1.9408072846731288e+00   2.0940810588382797e+00   1.5593198258787847e+01   5.9969772516639424e+00   1.4796841003485210e+00   1.2825671515127208e+00   1.8957751449846217e+01   3.2037639432108115e+01
   2.2642802552728316e+01   1.8397889263390212e+00   2.0034728969108171e+00   1.5769309708009947e+01   6.3349976401652217e+00   1.4468691737903354e+00   1.1624484264061237e+00   1.9682265012728557e+01   3.3818910298156382e+01
   2.4458116113564003e+01   1.7548992321282157e+00   1.9303332572170449e+00   1.6221013769489307e+01   6.7609994834335954e+00   1.4193340208302945e+00   1.0535484469643286e+00   2.0504950696877824e+01   3.5826660485996513e+01
   2.6418966575871135e+01   1.6821695379440229e+00   1.8703167027956766e+00   1.6954619077807028e+01   7.2829584948991020e+00   1.3960791286639316e+00   9.5298156488830377e-01   2.1465447233381319e+01   3.8066736416072111e+01
   2.8537021890656582e+01   1.6190699809824367e+00   1.8203404667311995e+00   1.7968106238947897e+01   7.9137837685569581e+00   1.3772735683800137e+00   8.5881831696779642e-01   2.2612664036283519e+01   4.0546229922831508e+01
   3.0824885449212928e+01   1.5641799134697076e+00   1.7782683195944529e+00   1.9253238811002614e+01   8.6715892699824408e+00   1.3637254469465092e+00   7.6993161721658099e-01   2.4004915618906935e+01   4.3272472729106291e+01
   3.3296171079022052e+01   1.5168531715140159e+00   1.7425847317043381e+00   2.0797850139056681e+01   9.5797772948491549e+00   1.3564127392613425e+00   6.8583623669667892e-01   2.5708670727631969e+01   4.6251132931618365e+01
   3.5965584052212989e+01   1.4769202526720704e+00   1.7120998806601389e+00   2.2587089008978904e+01   1.0666755424713736e+01   1.3560818870175646e+00   6.0655598564162649e-01   2.7795269307931687e+01   4.9482990306232331e+01
   3.8849008588611248e+01   1.4444503297008191e+00   1.6857073650100076e+00   2.4602810971390952e+01   1.1964933186527903e+01   1.3629252094615871e+00   5.3255948267501829e-01   3.0334914277929482e+01   5.2958749866459399e+01
   4.1963602374062532e+01   1.4195821610924333e+00   1.6622053502439624e+00   2.6820631303232556e+01   1.3508406637345338e+01   1.3763496539858839e+00   4.6482774847382946e-01   3.3387145295203766e+01   5.6651050604217914e+01
   4.5327898656457634e+01   1.4024182052132346e+00   1.6401878759296691e+00   2.9204310754045537e+01   1.5328456866755081e+01   1.3948416271314996e+00   4.0514844841010444e-01   3.6986803874029533e+01   6.0502836636075301e+01
   4.8961916526976864e+01   1.3929550991166526e+00   1.6180160299163415e+00   3.1697409203081705e+01   1.7445793435910623e+01   1.4159237881908844e+00   3.5670091496914463e-01   4.1124480509641302e+01   6.4411948058940638e+01
   5.2887280042776119e+01   1.3909978753445136e+00   1.5938884331175851e+00   3.4213086833881903e+01   1.9858752140530605e+01   1.4362096459669078e+00   3.2462788362654643e-01   4.5721537899236964e+01   6.8213999268691268e+01
   5.7127346899950474e+01   1.3959926666249189e+00   1.5660411341237115e+00   3.6625222494160901e+01   2.2528164190693889e+01   1.4516055504522423e+00   3.1522269016690324e-01   5.0603643463386632e+01   7.1670254473442384e+01
   6.1707347422436541e+01   1.4067520712624479e+00   1.5330969349920609e+00   3.8767654969093982e+01   2.5363160644256673e+01   1.4577684680134402e+00   3.3214885221714913e-01   5.5484378162773865e+01   7.4473726776851592e+01
   6.6654534693901340e+01   1.4211737277093719e+00   1.4945147596855559e+00   4.0450950002275768e+01   2.8217129296412434e+01   1.4509200640824875e+00   3.7252111772480184e-01   5.9978902717877745e+01   7.6289975417201362e+01
   7.1998346725970322e+01   1.4362129807065909e+00   1.4509491986189369e+00   4.1501879020464386e+01   3.0904946341637860e+01   1.4289250806763505e+00   4.2803362499549735e-01   6.3665975630413428e+01   7.6838368473757924e+01
   7.7770581627769403e+01   1.4483621083758047e+00   1.4042270187489763e+00   4.1815584523219897e+01   3.3244304329937421e+01   1.3921823293332560e+00   4.8907489067321369e-01   6.6192135575933108e+01   7.5989417572182191e+01
   8.4005586819119145e+01   1.4545522044939456e+00   1.3567926722382222e+00   4.1393171460377992e+01   3.5105693760509126e+01   1.3436973123589702e+00   5.4755029789360077e-01   6.7373124012230278e+01   7.3824488929145303e+01
   9.0740463413285809e+01   1.4529822919642021e+00   1.3108761310606047e+00   4.0339475151459865e+01   3.6443821221525930e+01   1.2881117416083514e+00   5.9803047885431859e-01   6.7234552033455131e+01   7.0615029651277979e+01
   9.8015286985459028e+01   1.4433931217186673e+00   1.2678895268076618e+00   3.8822467397713055e+01   3.7294492790242295e+01   1.2302181782914055e+00   6.3788555698191296e-01   6.5972220634294388e+01   6.6732812016657803e+01
   1.0587334604062957e+02   1.4267534489798255e+00   1.2283394509567669e+00   3.7020970195245738e+01   3.7745440533328917e+01   1.1737932227917884e+00   6.6674987100175276e-01   6.3866632211638120e+01   6.2546726355332005e+01
   1.1436139959985852e+02   1.4046935178987634e+00   1.1921224033151234e+00   3.5086923892629933e+01   3.7902145587023917e+01   1.1211754764947173e+00   6.8569156343164972e-01   6.1202587868069344e+01   5.8354343581905333e+01
   1.2352995543769396e+02   1.3790120981193992e+00   1.1588986298858786e+00   3.3130543824461220e+01   3.7863614549298568e+01   1.0734491613181067e+00   6.9644860420240284e-01   5.8221469551414941e+01   5.4359625983069087e+01
   1.3343357062637330e+02   1.3513823217752237e+00   1.1283498595307593e+00   3.1222289970930781e+01   3.7711182535301589e+01   1.0308711369654731e+00   7.0090656539708551e-01   5.5105675895450801e+01   5.0682028776628044e+01
   1.4413117617518799e+02   1.3232303060577468e+00   1.1002893525536288e+00   2.9402181697823810e+01   3.7506588836168184e+01   9.9327144994387451e-01   7.0081776539049134e-01   5.1982454675892001e+01   4.7377981911371265e+01
   1.5568642769675770e+02   1.2957162520100922e+00   1.0746728761107189e+00   2.7689921943606755e+01   3.7294593378298934e+01   9.6032496041452287e-01   6.9768777926445447e-01   4.8935274347112681e+01   4.4462566616414151e+01
   1.6816808418684332e+02   1.2697613422327780e+00   1.0515657571505317e+00   2.6092993517654953e+01   3.7106932822877774e+01   9.3169807603096177e-01   6.9275500902338749e-01   4.6015874367399057e+01   4.1926511130035465e+01
   1.8165041717160673e+02   1.2460885562765944e+00   1.0311011138281587e+00   2.4612197511909287e+01   3.6966063152159336e+01   9.0711062665553066e-01   6.8701306984699928e-01   4.3254236265130480e+01   3.9747875289100008e+01
   1.9621365265693072e+02   1.2252633705065130e+00   1.0134451316010198e+00   2.3245066797387260e+01   3.6888168300199169e+01   8.8635137565237609e-01   6.8124829757078931e-01   4.0665942038247032e+01   3.7899433707872710e+01
   2.1194444850959832e+02   1.2077296924565506e+00   9.9877375331275853e-01   2.1987797560190625e+01   3.6885400048410204e+01   8.6927310999156038e-01   6.7607922438827861e-01   3.8257274773503056e+01   3.6353047200738175e+01
   2.2893641011096622e+02   1.1938403346938418e+00   9.8725993355478581e-01   2.0836251677283293e+01   3.6967483721853476e+01   8.5578162003397207e-01   6.7199267899311887e-01   3.6028627744845046e+01   3.5082091548567028e+01
   2.4729064735150607e+02   1.1838826081032705e+00   9.7906891019047437e-01   1.9786422689027990e+01   3.7142849851131217e+01   8.4582515338083630e-01   6.6937486580819039e-01   3.3976734544731556e+01   3.4062698856168666e+01
   2.6711637628058395e+02   1.1780998046503013e+00   9.7435883493975040e-01   1.8834616221315123e+01   3.7419426808713162e+01   8.3938662740057457e-01   6.6853733434113138e-01   3.2096110134467615e+01   3.3274302273834977e+01
   2.8853156899156772e+02   1.1767091951972763e+00   9.7328455726937446e-01   1.7977493186514721e+01   3.7805194415819749e+01   8.3647881870136309e-01   6.6973830521530520e-01   3.0379976258255027e+01   3.2699787033278106e+01
   3.1166365560937373e+02   1.1799169864672423e+00   9.7600291887274937e-01   1.7212057500389122e+01   3.8308568246602377e+01   8.3714193110033486e-01   6.7319995339552896e-01   2.8820854960855794e+01   3.2325428191600366e+01
   3.3665028255759785e+02   1.1879305553932524e+00   9.8267842371305902e-01   1.6535629827366950e+01   3.8938662126201592e+01   8.4144275064109475e-01   6.7912222986297288e-01   2.7410950906974609e+01   3.2140719456910595e+01
   3.6364013161726461e+02   1.2009682203694967e+00   9.9348855890418464e-01   1.5945826027265598e+01   3.9705461369070449e+01   8.4947467783502406e-01   6.8769374408368722e-01   2.6142400948734121e+01   3.2138151989601660e+01
   3.9279380465096494e+02   1.2192668019570791e+00   1.0086283579284723e+00   1.5440546822591857e+01   4.0619929858802656e+01   8.6135810565400028e-01   6.9910017299671601e-01   2.5007441739108010e+01   3.2312975730242023e+01
   4.2428477925689867e+02   1.2430872493995833e+00   1.0283140349594257e+00   1.5017979248849603e+01   4.1694068420654567e+01   8.7724080315045749e-01   7.1353061870105039e-01   2.3998528230943982e+01   3.2662961092428276e+01
   4.5830044103938502e+02   1.2727186446446337e+00   1.0527856920422574e+00   1.4676607885463454e+01   4.2940938713411761e+01   8.9729813297067196e-01   7.3118230490155567e-01   2.3108424154854088e+01   3.3188171022841196e+01
   4.9504319863833450e+02   1.3084809271519175e+00   1.0823092206953686e+00   1.4415233038339657e+01   4.4374665037017252e+01   9.2173306323134085e-01   7.5226397582114923e-01   2.2330277731025724e+01   3.3890749509009531e+01
   5.3473168815260453e+02   1.3507266997496796e+00   1.1171775940971500e+00   1.4232993042240361e+01   4.6010425261807491e+01   9.5077602736302869e-01   7.7699833478227265e-01   2.1657690492317482e+01   3.4774730772525274e+01
   5.7760207412410693e+02   1.3998424719138141e+00   1.1577117817354161e+00   1.4129388206191356e+01   4.7864441008451742e+01   9.8468474150344876e-01   8.0562382855779924e-01   2.1084783315560632e+01   3.5845872495454138e+01
   6.2390945482411519e+02   1.4562496703646231e+00   1.2042615213824015e+00   1.4104304425458368e+01   4.9953975923410589e+01   1.0237441123670414e+00   8.3839604567594816e-01   2.0606261086298090e+01   3.7111515826073514e+01
   6.7392938020386237e+02   1.5204057002768008e+00   1.2572061604734472e+00   1.4158035042657701e+01   5.2297349270555856e+01   1.0682663654926814e+00   8.7558895231844924e-01   2.0217475590600259e+01   3.8580474248977723e+01
   7.2795949154192408e+02   1.5928052794698069e+00   1.3169557383677049e+00   1.4291300119447012e+01   5.4913970126918976e+01   1.1185915018240509e+00   9.1749614052027884e-01   1.9914485077937432e+01   4.0262952558985702e+01
   7.8632129254503695e+02   1.6739822004082436e+00   1.3839524309945397e+00   1.4505262845818843e+01   5.7824395379993717e+01   1.1750881575957253e+00   9.6443221362680231e-01   1.9694108354108696e+01   4.2170496173028944e+01
   8.4936206244120217e+02   1.7645116086674690e+00   1.4586724279982259e+00   1.4801543324112348e+01   6.1050412684738404e+01   1.2381549058919328e+00   1.0167343873113475e+00   1.9553971131355805e+01   4.4315969958369692e+01
   9.1745692244885174e+02   1.8650128283759759e+00   1.5416282661305218e+00   1.5182230372050881e+01   6.4615147754188030e+01   1.3082220040461130e+00   1.0747643442537955e+00   1.9492542569730865e+01   4.6713564783466722e+01
   9.9101106791850327e+02   1.9761527193317643e+00   1.6333716055060605e+00   1.5649892253536796e+01   6.8543193975783367e+01   1.3857535632904046e+00   1.1389103489489953e+00   1.9509160380383879e+01   4.9378829222948553e+01
   1.0704621794291652e+03   2.0986495185643781e+00   1.7344964091616408e+00   1.6207587348008339e+01   7.2860761430001816e+01   1.4712500975936944e+00   1.2095896066833089e+00   1.9604043436453807e+01   5.2328723335058321e+01
   1.1562830271866035e+03   2.2332771001780376e+00   1.8456424706940420e+00   1.6858875715734495e+01   7.7595841917773924e+01   1.5652513973542665e+00   1.2872508367538389e+00   1.9778291485569266e+01   5.5581691186416364e+01
   1.2489842842208420e+03   2.3808695787173306e+00   1.9674992275768797e+00   1.7607832338069809e+01   8.2778386491818679e+01   1.6683396690467824e+00   1.3723770227960259e+00   2.0033872239326318e+01   5.9157748784175944e+01
   1.3491175651226602e+03   2.5423261795021737e+00   2.1008097962334706e+00   1.8459062553000557e+01   8.8440492110229656e+01   1.7811428818061465e+00   1.4654883004227575e+00   2.0373596803507706e+01   6.3078584217246011e+01
   1.4572787084009990e+03   2.7186163006949315e+00   2.2463751660510196e+00   1.9417719913533212e+01   9.4616594254577706e+01   1.9043382638045285e+00   1.5671449419883823e+00   2.0801085081128690e+01   6.7367667021203985e+01
   1.5741113219927602e+03   2.9107846929662191e+00   2.4050584905106258e+00   2.0489526406901877e+01   1.0134366255657052e+02   2.0386558928754410e+00   1.6779503981316746e+00   2.1320723386864280e+01   7.2050363983351858e+01
   1.7003106130224007e+03   3.1199566808022183e+00   2.5777894122156821e+00   2.1680794708476384e+01   1.0866139655600426e+02   2.1848823252834446e+00   1.7985543541545019e+00   2.1937616994119786e+01   7.7154058724385180e+01
   1.8366275246001367e+03   3.3473433426610737e+00   2.7655683530837796e+00   2.2998451911821924e+01   1.1661241859167968e+02   2.3438642023777416e+00   1.9296557549760509e+00   2.2657540618962461e+01   8.2708272375604096e+01
   1.9838732042745803e+03   3.5942465537666526e+00   2.9694706900076286e+00   2.4450063968360006e+01   1.2524246045006250e+02   2.5165117660049185e+00   2.0720057444011428e+00   2.3486889854885959e+01   8.8744782473406815e+01
   2.1429238307291334e+03   3.8620637740827890e+00   3.1906507188503692e+00   2.6043859870325822e+01   1.3460053972161353e+02   2.7038021991249539e+00   2.2264104519987842e+00   2.4432636259705301e+01   9.5297736783723977e+01
   2.3147258274431765e+03   4.1522924338460934e+00   3.4303452848109957e+00   2.7788754398577122e+01   1.4473912080665264e+02   2.9067826873167868e+00   2.3937335433468672e+00   2.5502288154280677e+01   1.0240375812117730e+02
   2.5003014943417024e+03   4.4665337288542935e+00   3.6898769240691389e+00   2.9694368010688045e+01   1.5571425413692378e+02   3.1265730690180829e+00   2.5748984261123375e+00   2.6703858266022003e+01   1.1010203531544462e+02
   2.7007550909442716e+03   4.8064955863203025e+00   3.9706563192154727e+00   3.1771042144257706e+01   1.6758568539828681e+02   3.3643679065968066e+00   2.7708899747082238e+00   2.8045838225103520e+01   1.1843439427345984e+02
   2.9172794072107845e+03   5.1739944981982608e+00   4.2741838182133227e+00   3.4029847837334309e+01   1.8041692431219482e+02   3.6214377657940635e+00   2.9827555993383230e+00   2.9537178708011140e+01   1.2744534156092530e+02
   3.1511628611835936e+03   5.5709558410816804e+00   4.6020497023798042e+00   3.6482585106879732e+01   1.9427525981383809e+02   3.8991294367494893e+00   3.2116054403056551e+00   3.1187272828749471e+01   1.3718207104862879e+02
   3.4037971656601358e+03   5.9994122087412052e+00   4.9559328120303086e+00   3.9141769964977541e+01   2.0923170520945609e+02   4.1988647648058386e+00   3.4586114147578391e+00   3.3005939284441745e+01   1.4769442190800157e+02
   3.6766856095163230e+03   6.4614991740925616e+00   5.3375970481608954e+00   4.2020605282725235e+01   2.2536085307088101e+02   4.5221376828833257e+00   3.7250047799828798e+00   3.5003400812228783e+01   1.5903477357320267e+02
   3.9714520029582063e+03   6.9594477715359826e+00   5.7488851645811021e+00   4.5132930930907790e+01   2.4274061522183945e+02   4.8705089491940505e+00   4.0120718047634538e+00   3.7190252712321858e+01   1.7125786020737030e+02
   4.2898503399303845e+03   7.4955728491216700e+00   6.1917091480285906e+00   4.8493147740943769e+01   2.6145181822155433e+02   5.2455979950916225e+00   4.3211470586847103e+00   3.9577415513412390e+01   1.8442048374284164e+02
   4.6337752351767494e+03   8.0722562858694449e+00   6.6680363564750742e+00   5.2116108859069556e+01   2.8157761936191872e+02   5.6490711800222311e+00   4.6536037403975001e+00   4.2176065265978288e+01   1.9858110078381327e+02
   5.0052731980588824e+03   8.6919239089722691e+00   7.1798704531647797e+00   5.6016971051443541e+01   3.0320270258050283e+02   6.0826256381791133e+00   5.0108403732207947e+00   4.4997534419510970e+01   2.1379925471747052e+02
   5.4065548102164230e+03   9.3570147893019477e+00   7.7292260448005781e+00   6.0210997527218602e+01   3.2641220822846742e+02   6.5479677920939556e+00   5.3942631063256750e+00   4.8053175771232631e+01   2.3013482054108428e+02
   5.8400078795320260e+03   1.0069941458747458e+01   8.3180958208642970e+00   6.4713302990559271e+01   3.5129034591796534e+02   7.0467855140178051e+00   5.8052627819573850e+00   5.1354181608630498e+01   2.4764702659957820e+02
   6.3082116486729783e+03   1.0833039505017080e+01   8.9484089184425049e+00   6.9538531074592939e+01   3.7791863659977963e+02   7.5807128544404891e+00   6.2451858784583711e+00   5.4911350002868808e+01   2.6639321526926807e+02
   6.8139521427567324e+03   1.1648504994749299e+01   9.6219792329681919e+00   7.4700454281044330e+01   4.0637372984899991e+02   8.1512862537499799e+00   6.7152984360796939e+00   5.8734790405794080e+01   2.8642730450699787e+02
   7.3602387474659727e+03   1.2518318302572235e+01   1.0340442500016270e+01   8.0211487358046085e+01   4.3672474675549182e+02   8.7598912417563248e+00   7.2167421456515299e+00   6.2833561491022870e+01   3.0779791530120292e+02
   7.9503221162605005e+03   1.3444153243627996e+01   1.1105181237506699e+01   8.6082107087528399e+01   4.6903010997229268e+02   9.4076988536323327e+00   7.7504819645793788e+00   6.7215235861113840e+01   3.3054613792418832e+02
   8.5877135132419917e+03   1.4427270992982310e+01   1.1917237121628187e+01   9.2320175187744084e+01   5.0333384291394060e+02   1.0095591400800043e+01   8.3172449623947511e+00   7.1885389179491639e+01   3.5470292428623333e+02
   9.2762057067704663e+03   1.5468399206185401e+01   1.2777211138681174e+01   9.8930166968931232e+01   5.3966135257123187e+02   1.0824077886634051e+01   8.9174506347097804e+00   7.6847015869800714e+01   3.8028611657158228e+02
   1.0019895538158953e+04   1.6567598104498572e+01   1.3685152969530304e+01   1.0591231697912967e+02   5.7801475748199925e+02   1.1593200300966060e+01   9.5511337022543632e+00   8.2099880122571221e+01   4.0729715549968080e+02
   1.0823208299740460e+04   1.7724117104641717e+01   1.4640442563673497e+01   1.1326170445313905e+02   6.1836788576790161e+02   1.2402433298327681e+01   1.0217861458781661e+01   8.7639819803930024e+01   4.3571755619890592e+02
   1.1690924067367503e+04   1.8936247851839028e+01   1.5641668742349196e+01   1.2096731590186290e+02   6.6066114765743316e+02   1.3250581359504473e+01   1.0916649045411505e+01   9.3458031957797147e+01   4.6550529569366984e+02
   1.2628206144034964e+04   2.0201182162312076e+01   1.6686511856862396e+01   1.2901113905199455e+02   7.0479657928105087e+02   1.4135679388427286e+01   1.1645877555175495e+01   9.9540381478024486e+01   4.9659132107554103e+02
   1.3640631783878429e+04   2.1514886174130563e+01   1.7771639835162670e+01   1.3736736014565815e+02   7.5063345196288401e+02   1.5054904650613215e+01   1.2403221481538376e+01   1.0586678811757875e+02   5.2887645607235390e+02
   1.4734225379369864e+04   2.2872004560487269e+01   1.8892629060296464e+01   1.4600175289545115e+02   7.9798493038214781e+02   1.6004509747295987e+01   1.3185593497703980e+01   1.1241075943544408e+02   5.6222904653267528e+02
   1.5915494309189535e+04   2.4265810429036517e+01   2.0043922986043366e+01   1.5487135867005389e+02   8.4661632471712551e+02   1.6979787557615225e+01   1.3989115573662041e+01   1.1913914589120644e+02   5.9648372883765137e+02
