f k11 k12 k13 k14 k21 k22 k23 k24
   1.5915494309189536e-03   4.8645786423065641e+04   4.8646106604488246e+04   2.4011480045798671e+03   2.4768122183906153e+03   3.4379912258886055e+04   3.4381188939243882e+04   5.0726496255755910e+02   5.5929397104017971e+02
   1.7191467660085257e-03   4.8594560912945461e+04   4.8594880722404079e+04   2.3993772300518635e+03   2.4748952159734667e+03   3.4343654777495351e+04   3.4344930163385339e+04   5.0680667216979958e+02   5.5878292433520107e+02
   1.8569738053131647e-03   4.8534996548886127e+04   4.8535315925783856e+04   2.3973188132584391e+03   2.4726667456738342e+03   3.4301494978858391e+04   3.4302768859624121e+04   5.0627385765920843e+02   5.5818876851805771e+02
   2.0058506823274658e-03   4.8465774684558426e+04   4.8466093558699315e+04   2.3949274892644571e+03   2.4700777673479793e+03   3.4252499489367467e+04   3.4253771621064538e+04   5.0565476289832719e+02   5.5749839099497922e+02
   2.1666632821000071e-03   4.8385381809472739e+04   4.8385700099637390e+04   2.3921513836352201e+03   2.4670720708047975e+03   3.4195596996690147e+04   3.4196867097175906e+04   5.0493590483885743e+02   5.5669675219983958e+02
   2.3403685126518218e-03   4.8292085545940339e+04   4.8292403158283676e+04   2.3889312279411361e+03   2.4635854213148637e+03   3.4129561255469453e+04   3.4130828998890931e+04   5.0410186467910177e+02   5.5576665227172566e+02
   2.5279999990138208e-03   4.8183909402457779e+04   4.8184226228718857e+04   2.3851995471952291e+03   2.4595446730495391e+03   3.4052993211166642e+04   3.4054258221817072e+04   5.0313506987763054e+02   5.5468848737595033e+02
   2.7306742337652704e-03   4.8058606904753266e+04   4.8058922820270804e+04   2.3808798451309572e+03   2.4548668780169401e+03   3.3964302681250170e+04   3.3965564526780836e+04   5.0201557317045706e+02   5.5344000248992552e+02
   2.9495972206718276e-03   4.7913636040706282e+04   4.7913950902241108e+04   2.3758858251885795e+03   2.4494584309064007e+03   3.3861690255740396e+04   3.3862948439738379e+04   5.0072083772043879e+02   5.5199605077777142e+02
   3.1860716509557957e-03   4.7746135355969949e+04   4.7746448999342370e+04   2.3701207001244989e+03   2.4432143064347583e+03   3.3743130362515309e+04   3.3744384316492651e+04   4.9922554128903852e+02   5.5032837385944299e+02
   3.4415046549006747e-03   4.7552903530504052e+04   4.7553215768069720e+04   2.3634766614651148e+03   2.4360174655098908e+03   3.3606356791820697e+04   3.3607605866707396e+04   4.9750141693010556e+02   5.4840542240699563e+02
   3.7174161749155667e-03   4.7330384851258757e+04   4.7330695469260281e+04   2.3558346014202339e+03   2.4277385296228717e+03   3.3448852388318846e+04   3.3450095845615127e+04   4.9551715314026046e+02   5.4619224254819608e+02
   4.0154480098829647e-03   4.7074663657596197e+04   4.7074972413451527e+04   2.3470642035891005e+03   2.4182358485616960e+03   3.3267845086923851e+04   3.3269082089745556e+04   4.9323838250001620e+02   5.4365046034894965e+02
   4.3373735846079405e-03   4.6781471536307523e+04   4.6781778155920649e+04   2.3370245431804524e+03   2.4073561130689895e+03   3.3060312964161269e+04   3.3061542568509671e+04   4.9062779423082060e+02   5.4073840376823784e+02
   4.6851085025013334e-03   4.6446211713520686e+04   4.6446515888732494e+04   2.3255653596241541e+03   2.3949356883751875e+03   3.2823001451237797e+04   3.2824222597939406e+04   4.8764541210235808e+02   5.3741140818646738e+02
   5.0607219442902543e-03   4.6064005621911652e+04   4.6064307008242926e+04   2.3125291798786261e+03   2.3808028618542726e+03   3.2552456230972424e+04   3.2553667738861877e+04   4.8424908369025644e+02   5.3362235672365671e+02
   5.4664489805833780e-03   4.5629766856316943e+04   4.5630065071191944e+04   2.2977544731118514e+03   2.3647812016378116e+03   3.2245075507103469e+04   3.2246276068156170e+04   4.8039522859509600e+02   5.2932250841060556e+02
   5.9047038715563886e-03   4.5138307464568308e+04   4.5138602086243380e+04   2.2810799986762795e+03   2.3466942042550104e+03   3.1897185146573851e+04   3.1898373323821459e+04   4.7603988993314402e+02   5.2446266368293925e+02
   6.3780944328967627e-03   4.4584480514516661e+04   4.4584771081965489e+04   2.2623504601921131e+03   2.3263713583544286e+03   3.1505139484422798e+04   3.1506313713584757e+04   4.7114012293113501e+02   5.1899470511742174e+02
   6.8894375534917394e-03   4.3963360893692028e+04   4.3963646907714094e+04   2.2414234901855020e+03   2.3036556586759921e+03   3.1065449177740895e+04   3.1066607773553515e+04   4.6565573455272892e+02   5.1287352932204078e+02
   7.4417759571968603e-03   4.3270463154664103e+04   4.3270744080476317e+04   2.2181778559574182e+03   2.2784124629164071e+03   3.0574935272282117e+04   3.0576076440475925e+04   4.5955135709673061e+02   5.0605935158018445e+02
   8.0383963084250994e-03   4.2501990880478312e+04   4.2502266152012555e+04   2.1925225982792617e+03   2.2505393937408762e+03   3.0030905576946709e+04   3.0032027432676812e+04   4.5279879638896062e+02   4.9852031794845158e+02
   8.6828487692931708e-03   4.1655106716928451e+04   4.1655375742983153e+04   2.1644066004085389e+03   2.2199767594683281e+03   2.9431345673362106e+04   2.9432446266617040e+04   4.4537954364968704e+02   4.9023530234186478e+02
   9.3789681246988516e-03   4.0728206437156608e+04   4.0728468609437172e+04   2.1338278595786119e+03   2.1867177247380837e+03   2.8775112798748185e+04   2.8776190146831646e+04   4.3728728463734666e+02   4.8119670455073407e+02
   1.0130896601033149e-02   3.9721175063910669e+04   3.9721429766841364e+04   2.1008415347432128e+03   2.1508172469660626e+03   2.8062117062984260e+04   2.8063169189598688e+04   4.2853018897448976e+02   4.7141300878483685e+02
   1.0943108514309040e-02   3.8635599356734376e+04   3.8635845978746038e+04   2.0655657221275997e+03   2.1123986576730863e+03   2.7293471830626764e+04   2.7294496810425841e+04   4.1913272809938661e+02   4.6091082391562270e+02
   1.1820436894374247e-02   3.7474910133094461e+04   3.7475148078908380e+04   2.0281839151581980e+03   2.0716567642621167e+03   2.6471594505170415e+04   2.6472590511965329e+04   4.0913676418384620e+02   4.4973611953001154e+02
   1.2768102243634404e-02   3.6244430934163312e+04   3.6244659637427132e+04   1.9889432765657937e+03   2.0288565195737594e+03   2.5600241103647499e+04   2.5601206459850280e+04   3.9860168419607152e+02   4.3795440684906140e+02
   1.3791743601413824e-02   3.4951316828364019e+04   3.4951535763880733e+04   1.9481481988669475e+03   1.9843266664862781e+03   2.4684463160001062e+04   2.4685396384473243e+04   3.8760342643410337e+02   4.2564969424808527e+02
   1.4897452098801158e-02   3.3604378096195775e+04   3.3604586790948946e+04   1.9061491261502917e+03   1.9384482841043259e+03   2.3730483240662576e+04   2.3731383092006527e+04   3.7623235566073242e+02   4.1292216729850236e+02
   1.6091807203646384e-02   3.2213796595576659e+04   3.2213994637804055e+04   1.8633271846042751e+03   1.8916387679652355e+03   2.2745494590242961e+04   2.2746360102778919e+04   3.6459007225953115e+02   3.9988468613943269e+02
   1.7381915871383401e-02   3.0790755483947411e+04   3.0790942529658187e+04   1.8200757212412148e+03   1.8443323647637965e+03   2.1737399533749649e+04   2.1738230043957519e+04   3.5278536852018664e+02   3.8665833413203393e+02
   1.8775454834643289e-02   2.9347013222166617e+04   2.9347188998706701e+04   1.7767802736686331e+03   1.7969588410550225e+03   2.0714508511618587e+04   2.0715303673623563e+04   3.4092964761093072e+02   3.7336736499362121e+02
   2.0280716283300807e-02   2.7894458459237754e+04   2.7894622765762160e+04   1.7337987051697392e+03   1.7499221068377742e+03   1.9685225638032643e+04   1.9685985427659019e+04   3.2913217921010272e+02   3.6013396017752336e+02
   2.1906657206771020e-02   2.6444682589309399e+04   2.6444835294272747e+04   1.6914432012952893e+03   1.7035805974517332e+03   1.8657746809626584e+04   1.8658471517492075e+04   3.1749557128711757e+02   3.4707321441512977e+02
   2.3662952692165277e-02   2.5008601820614120e+04   2.5008742856612866e+04   1.6499655541783277e+03   1.6582309561024169e+03   1.7639792888850578e+04   1.7640483103792772e+04   3.0611179310787026e+02   3.3428871843937355e+02
   2.5560053495454531e-02   2.3596151894212730e+04   2.3596281250673943e+04   1.6095467238429467e+03   1.6140961189247787e+03   1.6638394329404571e+04   1.6639050914125335e+04   2.9505900312261201e+02   3.2186901837204152e+02
   2.7609248228214905e-02   2.2216068111266839e+04   2.2216185825567838e+04   1.5702911538837197e+03   1.5713183775727614e+03   1.5659736194872641e+04   1.5660360256008680e+04   2.8439933529926759e+02   3.0988512142006920e+02
   2.9822730529994637e-02   2.0875753054828430e+04   2.0875859202451491e+04   1.5322258259045802e+03   1.5299574766458622e+03   1.4709065248495817e+04   1.4709658103380687e+04   2.7417769706369052e+02   2.9838910770014530e+02
   3.2213671626008591e-02   1.9581225862889743e+04   1.9581320547176070e+04   1.4953036372385820e+03   1.4899933719501892e+03   1.3790654748679555e+04   1.3791217890898826e+04   2.6442154550291008e+02   2.8741381378444578e+02
   3.4796298701911567e-02   1.8337140981582506e+04   1.8337224323569764e+04   1.4594104217614506e+03   1.4513329764456253e+03   1.2907818378043878e+04   1.2908353443568722e+04   2.5514154387212952e+02   2.7697348354437668e+02
   3.7585979562015946e-02   1.7146861180459575e+04   1.7146933309185057e+04   1.4243748115741673e+03   1.4138200655780868e+03   1.2062962491003829e+04   1.2063471226288673e+04   2.4633295963946375e+02   2.6706523789131467e+02
   4.0599314074708556e-02   1.6012568910067244e+04   1.6012629953612328e+04   1.3899801367289017e+03   1.3772474855465507e+03   1.1257665349846007e+04   1.1258149582859063e+04   2.3797764570217089e+02   2.5767119392014325e+02
   4.3854232949208267e-02   1.4935401202450821e+04   1.4935451279903466e+04   1.3559776413949512e+03   1.3413708706913167e+03   1.0492772793682745e+04   1.0493234408447883e+04   2.3004644291562931e+02   2.4876105994838773e+02
   4.7370104431431297e-02   1.3915595557995939e+04   1.3915634772425507e+04   1.3221004114683356e+03   1.3059231850401163e+03   9.7685013571331347e+03   9.7689422720286930e+03   2.2250184886866100e+02   2.4029503958132662e+02
   5.1167849553852923e-02   1.2952636999132721e+04   1.2952665431608642e+04   1.2880775176984421e+03   1.2706295152163336e+03   9.0845417867811302e+03   9.0849639365773091e+03   2.1530080958874038e+02   2.3222688952320098e+02
   5.5270066625154345e-02   1.2045399223880000e+04   1.2045416928522907e+04   1.2536479484468914e+03   1.2352216242367767e+03   8.4401578601254478e+03   8.4405631815478173e+03   2.0839750344916081e+02   2.2450698815870774e+02
   5.9701165700425184e-02   1.1192275248692211e+04   1.1192282248722278e+04   1.2185739222462466e+03   1.1994518103799999e+03   7.8342771788505524e+03   7.8346675993253284e+03   2.0174599746795809e+02   2.1708528250827169e+02
   6.4487513832079971e-02   1.0391294929340887e+04   1.0391291214079387e+04   1.1826531361799159e+03   1.1631056026648389e+03   7.2655720747600080e+03   7.2659495039157309e+03   1.9530266477134717e+02   2.0991398952304922e+02
   6.9657591965797919e-02   9.6402282454154229e+03   9.6402137682001012e+03   1.1457294434721509e+03   1.1260127828731765e+03   6.7325298993686129e+03   6.7328962228258388e+03   1.8902825948752107e+02   2.0294993528075008e+02
   7.5242164415087576e-02   8.9366742627510666e+03   8.9366489397390123e+03   1.1077013979369749e+03   1.0880561859399086e+03   6.2335127838046928e+03   6.2338698587689196e+03   1.8288955464123305e+02   1.9615642557158452e+02
   8.1274461922927560e-02   8.2781363301561269e+03   8.2781000400076318e+03   1.0685280952144967e+03   1.0491777348719017e+03   5.7668074978973891e+03   5.7671571500705959e+03   1.7686046356484994e+02   1.8950455762718701e+02
   8.7790379399783208e-02   7.6620844245478447e+03   7.6620370090084407e+03   1.0282318169445753e+03   1.0093812478423748e+03   5.3306663594629663e+03   5.3310103807996484e+03   1.7092258945971767e+02   1.8297390899649741e+02
   9.4828689514629555e-02   7.0860057341928987e+03   7.0859469996150856e+03   9.8689716302450131e+02   9.6873173243635017e+02   4.9233402993743275e+03   4.9236804462231739e+03   1.6506518278191803e+02   1.7655257758443011e+02
   1.0243127340994512e-01   6.5474446488624544e+03   6.5473743687320475e+03   9.4466663139885884e+02   9.2735114874113947e+02   4.5431052211801789e+03   4.5434432123719580e+03   1.5928453079662245e+02   1.7023659522849877e+02
   1.1064336991353525e-01   6.0440333664255213e+03   6.0439512849770281e+03   9.0173293812366546e+02   8.8541094482311280e+02   4.1882827436748248e+03   4.1886202581405660e+03   1.5358285315691205e+02   1.6402879081560843e+02
   1.1951384473010772e-01   5.5735143538818111e+03   5.5734201908999794e+03   8.5832870420161123e+02   8.4312198931581622e+02   3.8572563104250039e+03   3.8575949839582881e+03   1.4796682416703061e+02   1.5793722984822119e+02
   1.2909548121441444e-01   5.1337559149162962e+03   5.1336493718240499e+03   8.1471440407509454e+02   8.0072278340303887e+02   3.5484835139664829e+03   3.5488249347837418e+03   1.4244587803703703e+02   1.5197339659733515e+02
   1.3944529445618986e-01   4.7227620958456855e+03   4.7226428631676145e+03   7.7116561918335651e+02   7.5846697625237903e+02   3.2605053301472999e+03   3.2608510329552146e+03   1.3703047097666749e+02   1.4615030510742551e+02
   1.5062487054583543e-01   4.3386780838900868e+03   4.3385458501524799e+03   7.2796064104845323e+02   7.1661120765188036e+02   2.9919528009858595e+03   2.9923042593402060e+03   1.3173047000982217e+02   1.4048072260866147e+02
   1.6270073303963375e-01   3.9797921022131336e+03   3.9796465642908388e+03   6.8536932811780559e+02   6.7540416541436809e+02   2.7415515500713095e+03   2.7419101669129932e+03   1.2655381396638244e+02   1.3497566425756452e+02
   1.7574473880512881e-01   3.6445345889584946e+03   3.6443754638037376e+03   6.4364387504167098e+02   6.3507750787180646e+02   2.5081243689158914e+03   2.5084914653010087e+03   1.2150555217592873e+02   1.2964327660152020e+02
   1.8983450560212958e-01   3.3314751854492933e+03   3.3313022230356992e+03   6.0301185571127428e+02   5.9583901502299159e+02   2.2905919819988831e+03   2.2909687842022176e+03   1.1658731812199619e+02   1.2448817619847956e+02
   2.0505387394364086e-01   3.0393177894172013e+03   3.0391307866068269e+03   5.6367160794242170e+02   5.5786804900880747e+02   2.0879719907735198e+03   2.0883596161358482e+03   1.1179724605827647e+02   1.1951125719459881e+02
   2.2149340598500167e-01   2.7668936973360769e+03   2.7666925122359339e+03   5.2578978317875385e+02   5.2131316833235167e+02   1.8993759237967517e+03   1.8997753658951503e+03   1.0713029422538651e+02   1.1470993377054214e+02
   2.3925092440984919e-01   2.5131527089381434e+03   2.5129372751695537e+03   4.8950071614210623e+02   4.8629157590084361e+02   1.7240042946788574e+03   1.7244164086075664e+03   1.0257890255477841e+02   1.1007874443842702e+02
   2.5843209451952454e-01   2.2771520303099187e+03   2.2769223704901483e+03   4.5490718515880474e+02   4.5288999553419347e+02   1.5611396043108980e+03   1.5615650930409388e+03   9.8133887354935240e+01   1.0561021736219718e+02
   2.7915105298961590e-01   2.0580429057919719e+03   2.0577991434481755e+03   4.2208212651397122e+02   4.2116655730490322e+02   1.4101373259174732e+03   1.4105767288225197e+03   9.3785460959745450e+01   1.0129587991808954e+02
   3.0153108703502829e-01   1.8550551258492492e+03   1.8547974949758325e+03   3.9107091791186207e+02   3.9115331192265853e+02   1.2704150769789967e+03   1.2708687616389761e+03   8.9524260696248788e+01   9.7127291616246737e+01
   3.2570536802491651e-01   1.6674798636848534e+03   1.6672087152371864e+03   3.6189393428413337e+02   3.6285906748437827e+02   1.1414403916501833e+03   1.1419085499452156e+03   8.5342278654813470e+01   9.3096986915114883e+01
   3.5181774391282827e-01   1.4946516277973374e+03   1.4943674325955060e+03   3.3454918059519377e+02   3.3627232785144383e+02   1.0227177254669087e+03   1.0232003747414026e+03   8.1233601142960808e+01   8.9199232572730452e+01
   3.8002359519737339e-01   1.3359304046544830e+03   1.3356337524411285e+03   3.0901490056955021e+02   3.1136419364636316e+02   9.1377550391280681e+02   9.1427249363467342e+02   7.7194893063356957e+01   8.5430531348806156e+01
   4.1049075950677555e-01   1.1906852288272198e+03   1.1903768235543589e+03   2.8525213233176572e+02   2.8809115248209167e+02   8.1415411976213522e+02   8.1466514366252909e+02   7.3225595159454144e+01   8.1789837244694084e+01
   4.4340053030900350e-01   1.0582804013284924e+03   1.0579610530949874e+03   2.6320722369057387e+02   2.6639772858577800e+02   7.2339575560270805e+02   7.2392036881646459e+02   6.9327837119453804e+01   7.8278482963885580e+01
   4.7894873569026136e-01   9.3806536298711092e+02   9.3773597735880537e+02   2.4281433068091755e+02   2.4621898328609444e+02   6.4103674716796422e+02   6.4157438747257231e+02   6.5506102050119011e+01   7.4899853094890105e+01
   5.1734690362106273e-01   8.2936884764489162e+02   8.2903041331480097e+02   2.2399790926857327e+02   2.2748286142679711e+02   5.6660293061575260e+02   5.6715294255117192e+02   6.1766703093954106e+01   7.1658862097578734e+01
   5.5882352064374252e-01   7.3149745982360128e+02   7.3115103567674134e+02   2.0667518263558756e+02   2.1011237194877194e+02   4.9960808045719176e+02   5.0016974094406504e+02   5.8117147533474906e+01   6.8561311261197275e+01
   6.0362539147118088e-01   6.4373833513369709e+02   6.4338503775822630e+02   1.9075853730309873e+02   1.9402758139951663e+02   4.3955520677649599e+02   4.4012775085126088e+02   5.4565466335498897e+01   6.5613202237916340e+01
   6.5201910758696047e-01   5.6536513741395561e+02   5.6500612995832091e+02   1.7615778059412347e+02   1.7914739310435894e+02   3.8594020044072312e+02   3.8652284587746874e+02   5.1119578859286605e+01   6.2820077650186796e+01
   7.0429263358579819e-01   4.9564638666655571e+02   4.9528286970985488e+02   1.6278218534187968e+02   1.6539108540951446e+02   3.3825713513900115e+02   3.3884910499031679e+02   4.7786746424699494e+01   6.0186444520989710e+01
   7.6075702069369755e-01   4.3385502029385543e+02   4.3348822511140406e+02   1.5054225604317617e+02   1.5267958998799296e+02   2.9600447124166897e+02   2.9660501365245864e+02   4.4573148609365923e+01   5.7715317644259443e+01
   8.2174825766404336e-01   3.7927815333789795e+02   3.7890933764392395e+02   1.3935117047376065e+02   1.4093650362322438e+02   2.5869144898807133e+02   2.5929985396525370e+02   4.1483596412820106e+01   5.5407901118956275e+01
   8.8762927006331860e-01   3.3122618094336946e+02   3.3085662690900767e+02   1.2912587654720184e+02   1.3008884105432782e+02   2.2584407955391521e+02   2.2645969266824076e+02   3.8521379765892213e+01   5.3263409843993223e+01
   9.5879207984308534e-01   2.8904060615027572e+02   2.8867162024892230e+02   1.1978785016008430e+02   1.2006754942150285e+02   1.9701030648158934e+02   1.9763253970676854e+02   3.5688234945253647e+01   5.1279020323999298e+01
   1.0356601380486845e+00   2.5210022894009404e+02   2.5173314297534981e+02   1.1126354150189350e+02   1.1080781453358493e+02   1.7176408292476165e+02   1.7239242296966088e+02   3.2984410681204068e+01   4.9449932040292992e+01
   1.1186908445453148e+00   2.1982556054083707e+02   2.1946173306948177e+02   1.0348455240536697e+02   1.0224919469706973e+02   1.4970826637281394e+02   1.5034228093252668e+02   3.0408809587575281e+01   4.7769516467451545e+01
   1.2083782697550152e+00   1.9168150797686999e+02   1.9132232525217483e+02   9.6387595301829364e+01   9.4335619317636699e+01   1.3047635665764400e+02   1.3111569900449055e+02   2.7959182954662705e+01   4.6229529739944333e+01
   1.3052560946001173e+00   1.6717849962671977e+02   1.6682537515764929e+02   8.9914286167438149e+01   8.7015287693886592e+01   1.1373318953059814e+02   1.1437760179619282e+02   2.5632360777029618e+01   4.4820366115192598e+01
   1.4099007861471662e+00   1.4587229566179468e+02   1.4552666751506112e+02   8.4010821175446225e+01   8.0240499429143469e+01   9.9174748626576829e+01   9.9824064001893333e+01   2.3424504163218920e+01   4.3531331997508111e+01
   1.5229350278478455e+00   1.2736275651695945e+02   1.2702608158726446e+02   7.8627581421316421e+01   7.3967442729227642e+01   8.6527279210329098e+01   8.7181423123262022e+01   2.1331373371909464e+01   4.2350923835123680e+01
   1.6450314247883711e+00   1.1129183933803367e+02   1.1096558398271193e+02   7.3718703614901585e+01   6.8155961371375355e+01   7.5545885452978681e+01   7.6204875583986833e+01   1.9348611468836321e+01   4.1267097292299084e+01
   1.7769165059953067e+00   9.7341067848479838e+01   9.7026694527754913e+01   6.9241648131783094e+01   6.2769315896891193e+01   6.6012776737948656e+01   6.6676721517868444e+01   1.7472051367031380e+01   4.0267519430934342e+01
   1.9193750476133085e+00   8.5228684796330541e+01   8.4927634672487542e+01   6.5156789885730632e+01   5.7773949920504613e+01   5.7735304134149189e+01   5.8404399152003435e+01   1.5698063840272978e+01   3.9339799939967058e+01
   2.0732547426796888e+00   7.4706655353941613e+01   7.4420327162655752e+01   6.1427052302272656e+01   5.3139268486933858e+01   5.0543900660736355e+01   5.1218422216010822e+01   1.4023977954683344e+01   3.8471701453252379e+01
   2.2394712452830667e+00   6.5557649597754747e+01   6.5287375479830629e+01   5.8017600110586024e+01   4.8837432132443745e+01   4.4290011750286887e+01   4.4970306640604534e+01   1.2448626503206636e+01   3.7651332422776385e+01
   2.4190136191211509e+00   5.7592095659079156e+01   5.7339114987542622e+01   5.4895602429148262e+01   4.4843167651416401e+01   3.8844077562412878e+01   3.9530548131850615e+01   1.0973102109224339e+01   3.6867328602850868e+01
   2.6129502228790509e+00   5.0645364027085456e+01   5.0410796536137624e+01   5.2030073361029210e+01   4.1133594436556713e+01   3.4093607689616292e+01   3.4786691198898779e+01   9.6018588079535636e+00   3.6109030724625491e+01
   2.8224350674487630e+00   4.4575118479564310e+01   4.4359938158434076e+01   4.9391792764435991e+01   3.7688063594426922e+01   2.9941371808698602e+01   3.0641513338736345e+01   8.3443515711881737e+00   3.5366666222644405e+01
   3.0487146828182201e+00   3.9258850187471900e+01   3.9063861421055165e+01   4.6953304892389617e+01   3.4488005826673849e+01   2.6303716963743465e+01   2.7011335322737136e+01   7.2174086434142328e+00   3.4631541811441515e+01
   3.2931355354909795e+00   3.4591598205359873e+01   3.4417415525948122e+01   4.4688987256675603e+01   3.1516783366234495e+01   2.3109013113924117e+01   2.3824459556356214e+01   6.2482177223235329e+00   3.3896251294392229e+01
   3.5571520405735781e+00   3.0483851078122751e+01   3.0330883663595017e+01   4.2575176618662489e+01   2.8759541177190407e+01   2.0296222855675857e+01   2.1019732784757885e+01   5.4764351726679381e+00   3.3154899349959486e+01
   3.8423352162061137e+00   2.6859619800825968e+01   2.6728061556044416e+01   4.0590333885770399e+01   2.6203053302855988e+01   1.7813588263965126e+01   1.8545226401187122e+01   4.9505164784960929e+00   3.2403337489999458e+01
   4.1503820318338436e+00   2.3654670976818217e+01   2.3544496712826209e+01   3.8715225501294469e+01   2.3835561789075371e+01   1.5617427001632803e+01   1.6357026677036245e+01   4.7106501901583249e+00   3.1639403428586284e+01
   4.4831255059462789e+00   2.0814909876455108e+01   2.0725877794960617e+01   3.6933096370525128e+01   2.1646608033174978e+01   1.3671030643573920e+01   1.4418127794222295e+01   4.7613254004778121e+00   3.0863150419099053e+01
   4.8425456133698637e+00   1.8294905393248474e+01   1.8226565814940376e+01   3.5229809199461272e+01   1.9626859561086597e+01   1.1943659996296189e+01   1.2697422076322049e+01   5.0599050283005944e+00   3.0077049462098380e+01
   5.2307810670176478e+00   1.6056551838258596e+01   1.6008261889809759e+01   3.3593927938209156e+01   1.7767938745998439e+01   1.0409634507134642e+01   1.1168783760491056e+01   5.5374244497775003e+00   2.9286145283906212e+01
   5.6501420442026715e+00   1.4067865328418657e+01   1.4038809121228342e+01   3.2016729103355431e+01   1.6062263263020501e+01   9.0475150808047733e+00   9.8102445150219211e+00   6.1275265605219893e+00   2.8498146898493861e+01
   6.1031239332424230e+00   1.2301914466831500e+01   1.2291128155419162e+01   3.0492133871831051e+01   1.4502910382629866e+01   7.8393811751202067e+00   8.6032602060731431e+00   6.7800319033667407e+00   2.7723435097798745e+01
   6.5924221821529008e+00   1.0735885457911824e+01   1.0742286457179976e+01   2.9016565134506472e+01   1.3083517761671565e+01   6.7702033751491673e+00   7.5320687608767525e+00   7.4611574156244549e+00   2.6974971514425992e+01
   7.1209483377887963e+00   9.3502803627676254e+00   9.3726999376477629e+00   2.7588745730934665e+01   1.1798231505268065e+01   5.8273112369905524e+00   6.5831381510862919e+00   8.1494172247870651e+00   2.6268095894271294e+01
   7.6918473708698745e+00   8.1282438469674876e+00   8.1654622745614311e+00   2.6209465069327145e+01   1.0641707415664412e+01   4.9999525592982543e+00   5.7447015754917841e+00   8.8317050015851422e+00   2.5620199350772761e+01
   8.3085163899854404e+00   7.0550088718928672e+00   7.1057924200696334e+00   2.4881349485728840e+01   9.6091631147849892e+00   4.2789337891642569e+00   5.0063741965404454e+00   9.5005306224993209e+00   2.5050262589263511e+01
   8.9746248559336532e+00   6.1174460817790637e+00   6.1805851444215953e+00   2.3608675557664693e+01   8.6964668034618171e+00   3.6563211678243519e+00   4.3588428810838584e+00   1.0152235068951240e+01   2.4578252567577479e+01
   9.6941364166801964e+00   5.3036962417379589e+00   5.3780441052045411e+00   2.2397264140474096e+01   7.9002327701337380e+00   3.1251677057674656e+00   3.7936180823382268e+00   1.0785853816781923e+01   2.4224383869153147e+01
   1.0471332492864247e+01   4.6028615063551097e+00   4.6873733752373585e+00   2.1254485337782441e+01   7.2178757089600767e+00   2.6792134048118541e+00   3.3028360912111610e+00   1.1402384498534349e+01   2.4008276818695659e+01
   1.1310837754196180e+01   4.0047316940902276e+00   4.0985037465008647e+00   2.0189389853803597e+01   6.6475606988790483e+00   2.3124942079884301e+00   2.8791010893127056e+00   1.2004313096104596e+01   2.3948082740562043e+01
   1.2217647638343252e+01   3.4995289925845245e+00   3.6018372716970815e+00   1.9212958257265544e+01   6.1879861044628948e+00   2.0188143535977527e+00   2.5153601327196382e+00   1.2595322446125028e+01   2.4059687920074058e+01
   1.3197158076052924e+01   3.0776713615834357e+00   3.1880099611299415e+00   1.8338423832852520e+01   5.8379733343316680e+00   1.7911272441101704e+00   2.2048100554165404e+00   1.3180150159673575e+01   2.4356132342527253e+01
   1.4255197599392071e+01   2.7295807730131756e+00   2.8476974763630456e+00   1.7581575016819240e+01   5.5959263417271927e+00   1.6210385158825620e+00   1.9408417541273941e+00   1.3764588805254437e+01   2.4847366470124101e+01
   1.5398062024160494e+01   2.4455882326793965e+00   2.5715129297913513e+00   1.6960883968908579e+01   5.4593458265097610e+00   1.4987723277238534e+00   1.7170313803142354e+00   1.4355635909255716e+01   2.5540411723620544e+01
   1.6632551912854904e+01   2.2159936067607968e+00   2.3500507695699451e+00   1.6497257730359646e+01   5.4246609418213403e+00   1.4138089260331828e+00   1.5271859562653765e+00   1.4961808783116448e+01   2.6439903517548817e+01
   1.7966013041105171e+01   2.0313052711654356e+00   2.1740987581578515e+00   1.6213210357637085e+01   5.4875810334272686e+00   1.3559938940004255e+00   1.3654409758595225e+00   1.5593640990181976e+01   2.7548912392417080e+01
   1.9406380108376144e+01   1.8826168416054119e+00   2.0349766253377131e+00   1.6131366696563543e+01   5.6439688929051579e+00   1.3166074381646771e+00   1.2263923909256780e+00   1.6264373198229240e+01   2.8869889442718073e+01
   2.0962223953034069e+01   1.7620144537347742e+00   1.9249015965974927e+00   1.6272458239402084e+01   5.8910276020283723e+00   1.2889800006764234e+00   1.1052324994242642e+00   1.6990839243576499e+01   3.0405577212542948e+01
   2.2642802552728316e+01   1.6628936686071412e+00   1.8372687082296661e+00   1.6653278834733623e+01   6.2285227345345371e+00   1.2685819044051814e+00   9.9785640612667503e-01   1.7794524663860606e+01   3.2159754020328641e+01
   2.4458116113564003e+01   1.5801087417387178e+00   1.7667744984520879e+00   1.7285227798713866e+01   6.6598459411671671e+00   1.2527545888103622e+00   9.0091504144682522e-01   1.8702734441461864e+01   3.4137713848007948e+01
   2.6418966575871135e+01   1.5099444199559904e+00   1.7093748737135557e+00   1.8173891001032519e+01   7.1928612694299963e+00   1.2402857823926678e+00   8.1180709196837464e-01   1.9749743757080346e+01   3.6346402053741684e+01
   2.8537021890656582e+01   1.4499507596845054e+00   1.6621148217365036e+00   1.9319638129804982e+01   7.8405607036865641e+00   1.2309604145525521e+00   7.2861764530967710e-01   2.0977717170160780e+01   3.8794112677376361e+01
   3.0824885449212928e+01   1.3986990522447751e+00   1.6228847552923724e+00   2.0718730471487795e+01   8.6215570545256686e+00   1.2251448708893291e+00   6.5002084181713626e-01   2.2437070075058529e+01   4.1489594661085526e+01
   3.3296171079022052e+01   1.3555106499531675e+00   1.5901529441220259e+00   2.2364200692499274e+01   9.5603721645122945e+00   1.2234200142776777e+00   5.7516772107830783e-01   2.4185818061010199e+01   4.4440301641410322e+01
   3.5965584052212989e+01   1.3201959252104900e+00   1.5627094842827889e+00   2.4245798232843750e+01   1.0687349350821780e+01   1.2262641224692901e+00   5.0358361249126127e-01   2.6287315892810675e+01   4.7649343526199331e+01
   3.8849008588611248e+01   1.2928274050526902e+00   1.5394441219484858e+00   2.6348416417044337e+01   1.2037825473650114e+01   1.2337864864206858e+00   4.3511013268604948e-01   2.8805607670877173e+01   5.1110460144445391e+01
   4.1963602374062532e+01   1.2735603483911671e+00   1.5191717736990222e+00   2.8648482129024728e+01   1.3649923392363638e+01   1.2455144157158715e+00   3.6995875222444197e-01   3.1797354944611879e+01   5.4800088415106401e+01
   4.5327898656457634e+01   1.2625010790318658e+00   1.5005166495528872e+00   3.1107823358596598e+01   1.5559978815959722e+01   1.2602362914353753e+00   3.0902119162600039e-01   3.5299002235449620e+01   5.8665518909428279e+01
   4.8961916526976864e+01   1.2596032851343606e+00   1.4818692435879222e+00   3.3664802055461159e+01   1.7794320712629446e+01   1.2759058669332721e+00   2.5473774939287952e-01   3.9307773416352369e+01   6.2608707671955699e+01
   5.2887280042776119e+01   1.2645474390574685e+00   1.4614406919858953e+00   3.6223563417930521e+01   2.0356292837507478e+01   1.2896312036199993e+00   2.1288905850356649e-01   4.3756159985519140e+01   6.6467445228135944e+01
   5.7127346899950474e+01   1.2765476666080267e+00   1.4374511623599133e+00   3.8644832863459612e+01   2.3208918980043777e+01   1.2978165349775337e+00   1.9398752748456977e-01   4.8483401903001713e+01   7.0000443096163650e+01
   6.1707347422436541e+01   1.2940742578080593e+00   1.4084811520819736e+00   4.0745860780458052e+01   2.6257582651536644e+01   1.2965807102284794e+00   2.0725408374304494e-01   5.3215457581717018e+01   7.2890318538312144e+01
   6.6654534693901340e+01   1.3146112702371426e+00   1.3739435472126713e+00   4.2320234815496441e+01   2.9343170456655567e+01   1.2825631353310658e+00   2.4884927623353864e-01   5.7574583547727855e+01   7.4783318137451261e+01
   7.1998346725970322e+01   1.3347230406105495e+00   1.3344792341144671e+00   4.3183539130009393e+01   3.2259371876556486e+01   1.2540233536568413e+00   3.0586814443877458e-01   6.1139580959546464e+01   7.5374706678302076e+01
   7.7770581627769403e+01   1.3506626531435473e+00   1.2919512409755523e+00   4.3232919241175139e+01   3.4799102847348266e+01   1.2117531982680902e+00   3.6667615754445609e-01   6.3552920366393174e+01   7.4515701073706765e+01
   8.4005586819119145e+01   1.3593707091359566e+00   1.2488578469193132e+00   4.2488086200544046e+01   3.6813049187777239e+01   1.1591219877772250e+00   4.2334370901778334e-01   6.4628120698332907e+01   7.2282462780792883e+01
   9.0740463413285809e+01   1.3592952405779375e+00   1.2074362963827687e+00   4.1084376859781358e+01   3.8247608053440615e+01   1.1010190839287743e+00   4.7122045062843748e-01   6.4393896057537702e+01   6.8956626820103736e+01
   9.8015286985459028e+01   1.3505499944265562e+00   1.1690250763316932e+00   3.9221654634058154e+01   3.9142019783665809e+01   1.0422837051348359e+00   5.0839073983857708e-01   6.3052476308468904e+01   6.4928156521721107e+01
   1.0587334604062957e+02   1.3344600898944325e+00   1.1340011846121105e+00   3.7102666539098884e+01   3.9594414301459295e+01   9.8652723422989008e-01   5.3496067095059374e-01   6.0889498695467204e+01   6.0582900277875162e+01
   1.1436139959985852e+02   1.3129088365004573e+00   1.1021280440986387e+00   3.4891672771115900e+01   3.9722135217945713e+01   9.3577817320218548e-01   5.5223017643345051e-01   5.8190692406078171e+01   5.6229177654655665e+01
   1.2352995543769396e+02   1.2878284269232649e+00   1.0729664149842120e+00   3.2701089837843888e+01   3.9634118270673916e+01   8.9075892305817039e-01   5.6198935235061243e-01   5.5194195236769417e+01   5.2075347754782229e+01
   1.3343357062637330e+02   1.2609312939284716e+00   1.0461411658301614e+00   3.0597089551569031e+01   3.9418595417760756e+01   8.5138489284794172e-01   5.6606421970279697e-01   5.2076635161761288e+01   4.8241049886669224e+01
   1.4413117617518799e+02   1.2336243897606871e+00   1.0214428429728681e+00   2.8612357328302394e+01   3.9141389745015196e+01   8.1720109771175309e-01   5.6609053209948601e-01   4.8958693065935321e+01   4.4780897051759979e+01
   1.5568642769675770e+02   1.2070194554646461e+00   9.9882570564428941e-01   2.6758576589770350e+01   3.8849179672052195e+01   7.8766143764644669e-01   5.6343674684491996e-01   4.5917610195834953e+01   4.1707586872052495e+01
   1.6816808418684332e+02   1.1819787537519715e+00   9.7836419481450931e-01   2.5035813653447551e+01   3.8574074680610252e+01   7.6226800765784486e-01   5.5920469225216096e-01   4.2999754785727063e+01   3.9009566235264735e+01
   1.8165041717160673e+02   1.1591662117228163e+00   9.6020447519381835e-01   2.3438593067307988e+01   3.8337805712326336e+01   7.4062056193223991e-01   5.5426250719794001e-01   4.0230695561962655e+01   3.6662891502219871e+01
   1.9621365265693072e+02   1.1390928902172146e+00   9.4452615985370303e-01   2.1959414537932091e+01   3.8155007850025143e+01   7.2241993132027504e-01   5.4928630424869995e-01   3.7622450139459048e+01   3.4638539204463022e+01
   2.1194444850959832e+02   1.1221544946926210e+00   9.3151740112827175e-01   2.0590579498383150e+01   3.8035599478363501e+01   7.0745325480490751e-01   5.4480024475460354e-01   3.5178395013555303e+01   3.2906609369347400e+01
   2.2893641011096622e+02   1.1086617521527529e+00   9.2136157098667348e-01   1.9325014944935447e+01   3.7986431540452280e+01   6.9557553033049691e-01   5.4121141715767329e-01   3.2896473141656209e+01   3.1438567392107618e+01
   2.4729064735150607e+02   1.0988651079831584e+00   9.1423241568462876e-01   1.8156558818309129e+01   3.8012395455503892e+01   6.8669362900232656e-01   5.3883886733571640e-01   3.0771242209784035e+01   3.0208311005843708e+01
   2.6711637628058395e+02   1.0929749848282821e+00   9.1029473108385428e-01   1.7079991051033751e+01   3.8117142720984887e+01   6.8075451712400636e-01   5.3793724277989141e-01   2.8795163351339383e+01   2.9192561248088744e+01
   2.8853156899156772e+02   1.0911784746970830e+00   9.0970822419033615e-01   1.6090970928889750e+01   3.8303526876639964e+01   6.7773746185653372e-01   5.3871581680136882e-01   2.6959404320539793e+01   2.8370878240621714e+01
   3.1166365560937373e+02   1.0936530324982432e+00   9.1263287802507465e-01   1.5185964185171168e+01   3.8573843904735249e+01   6.7764931404541839e-01   5.4135365290351034e-01   2.5254338120471974e+01   2.7725476322114705e+01
   3.3665028255759785e+02   1.1005775490403022e+00   9.1923468475256731e-01   1.4362197767176042e+01   3.8929922901869134e+01   6.8052188063224073e-01   5.4601157037508485e-01   2.3669854642405312e+01   2.7240936383938717e+01
   3.6364013161726461e+02   1.1121410883527325e+00   9.2969103546223941e-01   1.3617654317042511e+01   3.9373103599323883e+01   6.8641055737624612e-01   5.5284146507042387e-01   2.2195561463212059e+01   2.6903868515387625e+01
   3.9279380465096494e+02   1.1285495485402905e+00   9.4419537063876580e-01   1.2951103411807289e+01   3.9904128795406784e+01   6.9539361740617245e-01   5.6199345127534506e-01   2.0820923564666479e+01   2.6702553193643656e+01
   4.2428477925689867e+02   1.1500305196467322e+00   9.6296092579408277e-01   1.2362156886125939e+01   4.0522975932444957e+01   7.0757176783503006e-01   5.7362122503830071e-01   1.9535375080722904e+01   2.6626576525529678e+01
   4.5830044103938502e+02   1.1768366440201030e+00   9.8622357075297395e-01   1.1851327942388645e+01   4.1228651208308314e+01   7.2306776768551195e-01   5.8788600151607351e-01   1.8328425603096907e+01   2.6666469635106971e+01
   4.9504319863833450e+02   1.2092478177304078e+00   1.0142438520852142e+00   1.1420067181239689e+01   4.2018970363477237e+01   7.4202603855527272e-01   6.0495934189320111e-01   1.7189776749025377e+01   2.6813361156290838e+01
   5.3473168815260453e+02   1.2475725936836066e+00   1.0473084155354799e+00   1.1070744168347678e+01   4.2890351440294879e+01   7.6461229570725242e-01   6.2502515310864404e-01   1.6109460264131577e+01   2.7058652938834420e+01
   5.7760207412410693e+02   1.2921491503248390e+00   1.0857310163761349e+00   1.0806543661941657e+01   4.3837645339027958e+01   7.9101328537237514e-01   6.4828111157067014e-01   1.5078006286656496e+01   2.7393731094503348e+01
   6.2390945482411519e+02   1.3433461701680733e+00   1.1298533274465075e+00   1.0631255293239271e+01   4.4854029033128626e+01   8.2143673890144409e-01   6.7493972805088076e-01   1.4086649538846100e+01   2.7809726297510817e+01
   6.7392938020386237e+02   1.4015639293706774e+00   1.1800457349468361e+00   1.0548957374124996e+01   4.5930983215151258e+01   8.5611165169689363e-01   7.0522923492132694e-01   1.3127582731443503e+01   2.8297337900226530e+01
   7.2795949154192408e+02   1.4672358360402300e+00   1.2367082792210922e+00   1.0563627950165696e+01   4.7058370583214547e+01   8.9528897111131911e-01   7.3939444037245128e-01   1.2194271659811870e+01   2.8846735201109144e+01
   7.8632129254503695e+02   1.5408305766248815e+00   1.3002718600869145e+00   1.0678749853028505e+01   4.8224622970318315e+01   9.3924273997999097e-01   7.7769765959869808e-01   1.1281857582283795e+01   2.9447545628094517e+01
   8.4936206244120217e+02   1.6228549445552991e+00   1.3711997906865043e+00   1.0896995701761607e+01   4.9417035509607416e+01   9.8827169885092736e-01   8.2041980243973722e-01   1.0387693106119267e+01   3.0088933579858441e+01
   9.1745692244885174e+02   1.7138573426927295e+00   1.4499897547216205e+00   1.1220069810039359e+01   5.0622154903854742e+01   1.0427013078826404e+00   8.6786167199795072e-01   9.5120931983442922e+00   3.0759765614539990e+01
   9.9101106791850327e+02   1.8144318809007991e+00   1.5371762005588354e+00   1.1648745636017066e+01   5.1826237920420191e+01   1.1028861156046497e+00   9.2034550939415494e-01   8.6594387246649944e+00   3.1448848577023018e+01
   1.0704621794291652e+03   1.9252229409399801e+00   1.6333331905398307e+00   1.2183084974388397e+01   5.3015747037958988e+01   1.1692123815052304e+00   9.7821680496281394e-01   7.8398439568691627e+00   3.2145218580815289e+01
   1.1562830271866035e+03   2.0469300588025940e+00   1.7390777118340706e+00   1.2822781468234584e+01   5.4177844335110663e+01   1.2421008555620356e+00   1.0418463840945249e+00   7.0716483669392822e+00   3.2838452188958378e+01
   1.2489842842208420e+03   2.1803129810107338e+00   1.8550734432858400e+00   1.3567552337993444e+01   5.5300843516271499e+01   1.3220096301952506e+00   1.1116327650207263e+00   6.3848247682194526e+00   3.3518968145489993e+01
   1.3491175651226602e+03   2.3261967823938918e+00   1.9820349592710069e+00   1.4417509714318733e+01   5.6374583987112040e+01   1.4094370053869880e+00   1.1880047752880754e+00   5.8244346354095153e+00   3.4178289427370288e+01
   1.4572787084009990e+03   2.4854769797100844e+00   2.1207323368662325e+00   1.5373466285919299e+01   5.7390699712567482e+01   1.5049243400042460e+00   1.2714244036650044e+00   5.4505362060148652e+00   3.4809241110860675e+01
   1.5741113219927602e+03   2.6591246265767454e+00   2.2719961184696080e+00   1.6437156297384366e+01   5.8342767802572190e+01   1.6090588945711417e+00   1.3623898556684619e+00   5.3274098724537069e+00   3.5406068510524946e+01
   1.7003106130224007e+03   2.8481914189887174e+00   2.4367225706998483e+00   1.7611373654776205e+01   5.9226335258410437e+01   1.7224766962171887e+00   1.4614387748445870e+00   5.4992959438594946e+00   3.5964470507722794e+01
   1.8366275246001367e+03   3.0538148685168158e+00   2.6158791735177256e+00   1.8900041136768142e+01   6.0038834776291893e+01   1.8458654706581163e+00   1.5691515889447243e+00   5.9691646317506954e+00   3.6481552996393354e+01
   1.9838732042745803e+03   3.2772236079296646e+00   2.8105102711106680e+00   2.0308229445082215e+01   6.0779410038324350e+01   1.9799676870852119e+00   1.6861549398940499e+00   6.7032503123577634e+00   3.6955715305120648e+01
   2.1429238307291334e+03   3.5197428819169487e+00   3.0217428165575777e+00   2.1842144499872600e+01   6.1448676428738601e+01   2.1255837507512272e+00   1.8131251577473952e+00   7.6545394770587238e+00   3.7386487339685253e+01
   2.3147258274431765e+03   3.7828002476043383e+00   3.2507921428540629e+00   2.3509098361898722e+01   6.2048444446052777e+01   2.2835753577211757e+00   1.9507917398611487e+00   8.7815210730343498e+00   3.7774336838480757e+01
   2.5003014943417024e+03   4.0679314708042531e+00   3.4989676902901312e+00   2.5317475159041116e+01   6.2581430892208154e+01   2.4548690002049813e+00   2.0999407953119942e+00   1.0054508259783844e+01   3.8120465005398643e+01
   2.7007550909442716e+03   4.3767865591243247e+00   3.7676786114263239e+00   2.7276699439912655e+01   6.3050978337892474e+01   2.6404595821016672e+00   2.2614184094016969e+00   1.1454857705430342e+01   3.8426605731490163e+01
   2.9172794072107845e+03   4.7111358251456004e+00   4.0584391576280501e+00   2.9397210980833982e+01   6.3460797637151266e+01   2.8414140746516701e+00   2.4361338725514305e+00   1.2972312214444118e+01   3.8694839590527351e+01
   3.1511628611835936e+03   5.0728758227550497e+00   4.3728737235986461e+00   3.1690447403570978e+01   6.3814742475362671e+01   3.0588751117994275e+00   2.6250627010779337e+00   1.4602583086005986e+01   3.8927429626112179e+01
   3.4037971656601358e+03   5.4640349463299875e+00   4.7127213874179041e+00   3.4168833992075591e+01   6.4116619842608017e+01   3.2940643931776092e+00   2.8292493536223806e+00   1.6345601428352765e+01   3.9126682228910248e+01
   3.6766856095163230e+03   5.8867784234161515e+00   5.0798397323018980e+00   3.6845778700422791e+01   6.4370036336984199e+01   3.5482857278669329e+00   3.0498095158595135e+00   1.8204343553728044e+01   3.9294833455185945e+01
   3.9714520029582063e+03   6.3434123636616739e+00   5.4762076716984325e+00   3.9735669359437821e+01   6.4578277429198991e+01   3.8229275121675128e+00   3.2879317870115869e+00   2.0184056095643921e+01   3.9433959059572707e+01
   4.2898503399303845e+03   6.8363864467092483e+00   5.9039269203181934e+00   4.2853869357289838e+01   6.4744215165989900e+01   4.1194643873712113e+00   3.5448785539843191e+00   2.2291740406113121e+01   3.9545905247602128e+01
   4.6337752351767494e+03   7.3682947363709319e+00   6.3652216590264077e+00   4.6216707453588072e+01   6.4870239051205189e+01   4.4394577669637556e+00   3.8219857818851151e+00   2.4535800609873789e+01   3.9632236554102526e+01
   5.0052731980588824e+03   7.9418739951514770e+00   6.8624358299540420e+00   4.9841456782300035e+01   6.4958204781978438e+01   4.7845548552165420e+00   4.1206613825364879e+00   2.6925793215301407e+01   3.9694197151686915e+01
   5.4065548102164230e+03   8.5599987404199496e+00   7.3980273688505092e+00   5.3746297433620811e+01   6.5009395911955195e+01   5.1564856997555699e+00   4.4423817448224980e+00   2.9472237867554089e+01   3.9732682128526555e+01
   5.8400078795320260e+03   9.2256721310596141e+00   7.9745585345784233e+00   5.7950256237472225e+01   6.5024494185043764e+01   5.5570577293073677e+00   4.7886859222877973e+00   3.2186462087277498e+01   3.9748215715218144e+01
   6.3082116486729783e+03   9.9420116031957431e+00   8.5946813323485873e+00   6.2473116490586513e+01   6.5003555103395428e+01   5.9881471256086716e+00   5.1611668753003928e+00   3.5080460721422725e+01   3.9740933991527072e+01
   6.8139521427567324e+03   1.0712227990730254e+01   9.2611168520523766e+00   6.7335289395662286e+01   6.4945986182090792e+01   6.4516862685356458e+00   5.5614590598319094e+00   3.8166755426716136e+01   3.9710570204167162e+01
   7.3602387474659727e+03   1.1539596680626849e+01   9.9766271641137649e+00   7.2557637971667276e+01   6.4850526259959608e+01   6.9496463817403429e+00   5.9912215474475818e+00   4.1458242130666285e+01   3.9656441444187223e+01
   7.9503221162605005e+03   1.2427419180402390e+01   1.0743978246638635e+01   7.8161243250525004e+01   6.4715225170432603e+01   7.4840144022601338e+00   6.4521157598263379e+00   4.4968015901898340e+01   3.9577436055994852e+01
   8.5877135132419917e+03   1.3378973341092074e+01   1.1565892281114316e+01   8.4167101855638521e+01   6.4537424036951151e+01   8.0567630167618844e+00   6.9457768191560785e+00   4.8709163564382386e+01   3.9472001782676415e+01
   9.2762057067704663e+03   1.4397450419469145e+01   1.2444987581549173e+01   9.0595743792101317e+01   6.4313737462244703e+01   8.6698127712278676e+00   7.4737774723109407e+00   5.2694515119595955e+01   3.9338135304419794e+01
   1.0019895538158953e+04   1.5485877228874992e+01   1.3383704458322359e+01   9.7466759783896777e+01   6.4040039947072884e+01   9.3249852003169451e+00   8.0375835685893371e+00   5.6936345950714660e+01   3.9173374509370127e+01
   1.0823208299740460e+04   1.6647021884861079e+01   1.4384215521991942e+01   1.0479822918461933e+02   6.3711460007986844e+01   1.0023946077212072e+01   8.6385001933183219e+00   6.1446023222022056e+01   3.8974795553651020e+01
   1.1690924067367503e+04   1.7883282182097528e+01   1.5448319377154331e+01   1.1260604287797824e+02   6.3322386648175865e+01   1.0768138203953555e+01   9.2776078268138420e+00   6.6233592224123143e+01   3.8739017510039304e+01
   1.2628206144034964e+04   1.9196556537407126e+01   1.6577317426948753e+01   1.2090312126223795e+02   6.2866494016402925e+01   1.1558703703102307e+01   9.9556883609495319e+00   7.1307302043878707e+01   3.8462218140787719e+01
   1.3640631783878429e+04   2.0588098798656898e+01   1.7771874693313777e+01   1.2969853598893141e+02   6.2336791160326527e+01   1.2396396593278130e+01   1.0673141516991468e+01   7.6673075248311591e+01   3.8140164995422865e+01
   1.4734225379369864e+04   2.2058360135238836e+01   1.9031867233259742e+01   1.3899655612369085e+02   6.1725704570210006e+01   1.3281487584646571e+01   1.1429893214424837e+01   8.2333933594260913e+01   3.7768266524749393e+01
   1.5915494309189535e+04   2.3606823736146993e+01   2.0356220937368754e+01   1.4879565507819149e+02   6.1025201470944907e+01   1.4213664541767654e+01   1.2225298765343682e+01   8.8289401278616850e+01   3.7341648068008993e+01
